Linux 6.8.0-138-generic (snapshots-gpu-mi300x1-192gb-devcloud-atl1) 	10/06/26 	_x86_64_	(20 CPU)

17:48:50     CPU    %usr   %nice    %sys %iowait    %irq   %soft  %steal  %guest  %gnice   %idle
17:48:51     all    4.69    0.00   44.15    0.20    0.00    0.55    0.00    0.00    0.00   50.40
17:48:51       0    3.85    0.00   41.35    0.00    0.00    4.81    0.00    0.00    0.00   50.00
17:48:51       1    5.94    0.00   43.56    0.00    0.00    1.98    0.00    0.00    0.00   48.51
17:48:51       2    2.97    0.00   40.59    0.00    0.00    0.99    0.00    0.00    0.00   55.45
17:48:51       3    1.00    0.00   40.00    0.00    0.00    1.00    0.00    0.00    0.00   58.00
17:48:51       4    5.00    0.00   50.00    1.00    0.00    1.00    0.00    0.00    0.00   43.00
17:48:51       5    2.04    0.00   41.84    0.00    0.00    0.00    0.00    0.00    0.00   56.12
17:48:51       6    7.14    0.00   53.06    0.00    0.00    1.02    0.00    0.00    0.00   38.78
17:48:51       7    5.00    0.00   38.00    1.00    0.00    0.00    0.00    0.00    0.00   56.00
17:48:51       8    5.05    0.00   42.42    0.00    0.00    0.00    0.00    0.00    0.00   52.53
17:48:51       9    4.04    0.00   49.49    0.00    0.00    0.00    0.00    0.00    0.00   46.46
17:48:51      10    2.04    0.00   39.80    0.00    0.00    0.00    0.00    0.00    0.00   58.16
17:48:51      11    3.09    0.00   48.45    0.00    0.00    0.00    0.00    0.00    0.00   48.45
17:48:51      12    6.06    0.00   42.42    1.01    0.00    0.00    0.00    0.00    0.00   50.51
17:48:51      13    3.09    0.00   40.21    0.00    0.00    0.00    0.00    0.00    0.00   56.70
17:48:51      14   18.18    0.00   52.53    0.00    0.00    0.00    0.00    0.00    0.00   29.29
17:48:51      15    3.03    0.00   45.45    1.01    0.00    0.00    0.00    0.00    0.00   50.51
17:48:51      16    2.02    0.00   41.41    0.00    0.00    0.00    0.00    0.00    0.00   56.57
17:48:51      17    7.22    0.00   48.45    0.00    0.00    0.00    0.00    0.00    0.00   44.33
17:48:51      18    4.04    0.00   40.40    0.00    0.00    0.00    0.00    0.00    0.00   55.56
17:48:51      19    3.06    0.00   43.88    0.00    0.00    0.00    0.00    0.00    0.00   53.06

17:48:51     CPU    %usr   %nice    %sys %iowait    %irq   %soft  %steal  %guest  %gnice   %idle
17:48:52     all    4.17    0.00   43.65    0.00    0.00    0.10    0.00    0.00    0.00   52.08
17:48:52       0    4.17    0.00   44.79    0.00    0.00    0.00    0.00    0.00    0.00   51.04
17:48:52       1    5.05    0.00   47.47    0.00    0.00    0.00    0.00    0.00    0.00   47.47
17:48:52       2    1.01    0.00   39.39    0.00    0.00    0.00    0.00    0.00    0.00   59.60
17:48:52       3    5.10    0.00   47.96    0.00    0.00    0.00    0.00    0.00    0.00   46.94
17:48:52       4    3.06    0.00   43.88    0.00    0.00    0.00    0.00    0.00    0.00   53.06
17:48:52       5    3.06    0.00   40.82    0.00    0.00    0.00    0.00    0.00    0.00   56.12
17:48:52       6    5.05    0.00   46.46    0.00    0.00    0.00    0.00    0.00    0.00   48.48
17:48:52       7    5.05    0.00   45.45    0.00    0.00    0.00    0.00    0.00    0.00   49.49
17:48:52       8    5.05    0.00   40.40    0.00    0.00    0.00    0.00    0.00    0.00   54.55
17:48:52       9    4.04    0.00   37.37    0.00    0.00    0.00    0.00    0.00    0.00   58.59
17:48:52      10    4.08    0.00   42.86    0.00    0.00    0.00    0.00    0.00    0.00   53.06
17:48:52      11    4.08    0.00   45.92    0.00    0.00    0.00    0.00    0.00    0.00   50.00
17:48:52      12    3.00    0.00   47.00    0.00    0.00    1.00    0.00    0.00    0.00   49.00
17:48:52      13    4.04    0.00   44.44    0.00    0.00    0.00    0.00    0.00    0.00   51.52
17:48:52      14    5.15    0.00   48.45    0.00    0.00    0.00    0.00    0.00    0.00   46.39
17:48:52      15    4.12    0.00   41.24    0.00    0.00    0.00    0.00    0.00    0.00   54.64
17:48:52      16    5.10    0.00   48.98    0.00    0.00    0.00    0.00    0.00    0.00   45.92
17:48:52      17    4.08    0.00   43.88    0.00    0.00    0.00    0.00    0.00    0.00   52.04
17:48:52      18    5.05    0.00   35.35    0.00    0.00    1.01    0.00    0.00    0.00   58.59
17:48:52      19    4.00    0.00   41.00    0.00    0.00    0.00    0.00    0.00    0.00   55.00

17:48:52     CPU    %usr   %nice    %sys %iowait    %irq   %soft  %steal  %guest  %gnice   %idle
17:48:53     all    4.46    0.00   44.86    0.00    0.00    0.00    0.00    0.00    0.00   50.68
17:48:53       0    6.00    0.00   48.00    0.00    0.00    0.00    0.00    0.00    0.00   46.00
17:48:53       1    4.08    0.00   42.86    0.00    0.00    0.00    0.00    0.00    0.00   53.06
17:48:53       2    4.08    0.00   45.92    0.00    0.00    0.00    0.00    0.00    0.00   50.00
17:48:53       3    5.05    0.00   46.46    0.00    0.00    0.00    0.00    0.00    0.00   48.48
17:48:53       4    3.09    0.00   42.27    0.00    0.00    0.00    0.00    0.00    0.00   54.64
17:48:53       5    6.06    0.00   46.46    0.00    0.00    0.00    0.00    0.00    0.00   47.47
17:48:53       6    5.05    0.00   50.51    0.00    0.00    0.00    0.00    0.00    0.00   44.44
17:48:53       7    3.06    0.00   42.86    0.00    0.00    0.00    0.00    0.00    0.00   54.08
17:48:53       8    3.06    0.00   41.84    0.00    0.00    0.00    0.00    0.00    0.00   55.10
17:48:53       9    3.09    0.00   51.55    0.00    0.00    0.00    0.00    0.00    0.00   45.36
17:48:53      10    5.05    0.00   45.45    0.00    0.00    0.00    0.00    0.00    0.00   49.49
17:48:53      11    4.04    0.00   46.46    0.00    0.00    0.00    0.00    0.00    0.00   49.49
17:48:53      12    5.05    0.00   40.40    0.00    0.00    0.00    0.00    0.00    0.00   54.55
17:48:53      13    6.12    0.00   43.88    0.00    0.00    0.00    0.00    0.00    0.00   50.00
17:48:53      14    4.00    0.00   43.00    0.00    0.00    0.00    0.00    0.00    0.00   53.00
17:48:53      15    3.03    0.00   33.33    0.00    0.00    0.00    0.00    0.00    0.00   63.64
17:48:53      16    5.05    0.00   46.46    0.00    0.00    0.00    0.00    0.00    0.00   48.48
17:48:53      17    5.00    0.00   49.00    0.00    0.00    0.00    0.00    0.00    0.00   46.00
17:48:53      18    4.08    0.00   42.86    0.00    0.00    0.00    0.00    0.00    0.00   53.06
17:48:53      19    5.05    0.00   47.47    0.00    0.00    0.00    0.00    0.00    0.00   47.47

17:48:53     CPU    %usr   %nice    %sys %iowait    %irq   %soft  %steal  %guest  %gnice   %idle
17:48:54     all    4.43    0.00   43.63    0.00    0.00    0.00    0.00    0.00    0.00   51.94
17:48:54       0    5.10    0.00   43.88    0.00    0.00    0.00    0.00    0.00    0.00   51.02
17:48:54       1    5.00    0.00   48.00    0.00    0.00    0.00    0.00    0.00    0.00   47.00
17:48:54       2    3.03    0.00   42.42    0.00    0.00    0.00    0.00    0.00    0.00   54.55
17:48:54       3    5.05    0.00   43.43    0.00    0.00    0.00    0.00    0.00    0.00   51.52
17:48:54       4    3.00    0.00   40.00    0.00    0.00    0.00    0.00    0.00    0.00   57.00
17:48:54       5    3.03    0.00   37.37    0.00    0.00    0.00    0.00    0.00    0.00   59.60
17:48:54       6    4.08    0.00   38.78    0.00    0.00    0.00    0.00    0.00    0.00   57.14
17:48:54       7    4.00    0.00   50.00    0.00    0.00    0.00    0.00    0.00    0.00   46.00
17:48:54       8    4.04    0.00   43.43    0.00    0.00    0.00    0.00    0.00    0.00   52.53
17:48:54       9    5.00    0.00   40.00    0.00    0.00    0.00    0.00    0.00    0.00   55.00
17:48:54      10    2.02    0.00   31.31    0.00    0.00    0.00    0.00    0.00    0.00   66.67
17:48:54      11    5.00    0.00   48.00    0.00    0.00    0.00    0.00    0.00    0.00   47.00
17:48:54      12    4.08    0.00   42.86    0.00    0.00    0.00    0.00    0.00    0.00   53.06
17:48:54      13    3.96    0.00   43.56    0.00    0.00    0.00    0.00    0.00    0.00   52.48
17:48:54      14    6.06    0.00   43.43    0.00    0.00    0.00    0.00    0.00    0.00   50.51
17:48:54      15    5.05    0.00   45.45    0.00    0.00    0.00    0.00    0.00    0.00   49.49
17:48:54      16    5.00    0.00   48.00    0.00    0.00    0.00    0.00    0.00    0.00   47.00
17:48:54      17    6.06    0.00   45.45    0.00    0.00    0.00    0.00    0.00    0.00   48.48
17:48:54      18    6.06    0.00   47.47    0.00    0.00    0.00    0.00    0.00    0.00   46.46
17:48:54      19    4.04    0.00   49.49    0.00    0.00    0.00    0.00    0.00    0.00   46.46

17:48:54     CPU    %usr   %nice    %sys %iowait    %irq   %soft  %steal  %guest  %gnice   %idle
17:48:55     all    4.26    0.00   44.68    0.00    0.00    0.00    0.00    0.00    0.00   51.06
17:48:55       0    5.00    0.00   41.00    0.00    0.00    0.00    0.00    0.00    0.00   54.00
17:48:55       1    7.14    0.00   47.96    0.00    0.00    0.00    0.00    0.00    0.00   44.90
17:48:55       2    5.05    0.00   49.49    0.00    0.00    0.00    0.00    0.00    0.00   45.45
17:48:55       3    2.04    0.00   47.96    0.00    0.00    0.00    0.00    0.00    0.00   50.00
17:48:55       4    5.10    0.00   42.86    0.00    0.00    0.00    0.00    0.00    0.00   52.04
17:48:55       5    7.07    0.00   46.46    0.00    0.00    0.00    0.00    0.00    0.00   46.46
17:48:55       6    5.05    0.00   51.52    0.00    0.00    0.00    0.00    0.00    0.00   43.43
17:48:55       7    4.08    0.00   41.84    0.00    0.00    0.00    0.00    0.00    0.00   54.08
17:48:55       8    2.04    0.00   39.80    0.00    0.00    0.00    0.00    0.00    0.00   58.16
17:48:55       9    3.03    0.00   41.41    0.00    0.00    0.00    0.00    0.00    0.00   55.56
17:48:55      10    4.00    0.00   46.00    0.00    0.00    0.00    0.00    0.00    0.00   50.00
17:48:55      11    3.03    0.00   35.35    0.00    0.00    0.00    0.00    0.00    0.00   61.62
17:48:55      12    4.08    0.00   47.96    0.00    0.00    0.00    0.00    0.00    0.00   47.96
17:48:55      13    3.03    0.00   37.37    0.00    0.00    0.00    0.00    0.00    0.00   59.60
17:48:55      14    3.06    0.00   45.92    0.00    0.00    0.00    0.00    0.00    0.00   51.02
17:48:55      15    5.00    0.00   44.00    0.00    0.00    0.00    0.00    0.00    0.00   51.00
17:48:55      16    4.04    0.00   48.48    0.00    0.00    0.00    0.00    0.00    0.00   47.47
17:48:55      17    4.08    0.00   40.82    0.00    0.00    0.00    0.00    0.00    0.00   55.10
17:48:55      18    5.05    0.00   49.49    0.00    0.00    0.00    0.00    0.00    0.00   45.45
17:48:55      19    4.08    0.00   47.96    0.00    0.00    0.00    0.00    0.00    0.00   47.96

Average:     CPU    %usr   %nice    %sys %iowait    %irq   %soft  %steal  %guest  %gnice   %idle
Average:     all    4.40    0.00   44.19    0.04    0.00    0.13    0.00    0.00    0.00   51.23
Average:       0    4.82    0.00   43.78    0.00    0.00    1.00    0.00    0.00    0.00   50.40
Average:       1    5.44    0.00   45.97    0.00    0.00    0.40    0.00    0.00    0.00   48.19
Average:       2    3.23    0.00   43.55    0.00    0.00    0.20    0.00    0.00    0.00   53.02
Average:       3    3.64    0.00   45.14    0.00    0.00    0.20    0.00    0.00    0.00   51.01
Average:       4    3.85    0.00   43.81    0.20    0.00    0.20    0.00    0.00    0.00   51.93
Average:       5    4.26    0.00   42.60    0.00    0.00    0.00    0.00    0.00    0.00   53.14
Average:       6    5.27    0.00   48.07    0.00    0.00    0.20    0.00    0.00    0.00   46.45
Average:       7    4.24    0.00   43.64    0.20    0.00    0.00    0.00    0.00    0.00   51.92
Average:       8    3.85    0.00   41.58    0.00    0.00    0.00    0.00    0.00    0.00   54.56
Average:       9    3.85    0.00   43.93    0.00    0.00    0.00    0.00    0.00    0.00   52.23
Average:      10    3.44    0.00   41.09    0.00    0.00    0.00    0.00    0.00    0.00   55.47
Average:      11    3.85    0.00   44.83    0.00    0.00    0.00    0.00    0.00    0.00   51.32
Average:      12    4.45    0.00   44.13    0.20    0.00    0.20    0.00    0.00    0.00   51.01
Average:      13    4.05    0.00   41.90    0.00    0.00    0.00    0.00    0.00    0.00   54.05
Average:      14    7.30    0.00   46.65    0.00    0.00    0.00    0.00    0.00    0.00   46.04
Average:      15    4.05    0.00   41.90    0.20    0.00    0.00    0.00    0.00    0.00   53.85
Average:      16    4.24    0.00   46.67    0.00    0.00    0.00    0.00    0.00    0.00   49.09
Average:      17    5.28    0.00   45.53    0.00    0.00    0.00    0.00    0.00    0.00   49.19
Average:      18    4.86    0.00   43.12    0.00    0.00    0.20    0.00    0.00    0.00   51.82
Average:      19    4.05    0.00   45.95    0.00    0.00    0.00    0.00    0.00    0.00   50.00
