Linux 6.8.0-138-generic (snapshots-gpu-mi300x1-192gb-devcloud-atl1) 	10/06/26 	_x86_64_	(20 CPU)

21:23:01     CPU    %usr   %nice    %sys %iowait    %irq   %soft  %steal  %guest  %gnice   %idle
21:23:02     all    3.88    0.00   42.77    0.00    0.00    0.55    0.00    0.00    0.00   52.80
21:23:02       0    3.92    0.00   48.04    0.00    0.00    3.92    0.00    0.00    0.00   44.12
21:23:02       1    2.94    0.00   42.16    0.00    0.00    2.94    0.00    0.00    0.00   51.96
21:23:02       2    4.00    0.00   44.00    0.00    0.00    2.00    0.00    0.00    0.00   50.00
21:23:02       3    2.04    0.00   40.82    0.00    0.00    1.02    0.00    0.00    0.00   56.12
21:23:02       4    3.06    0.00   45.92    0.00    0.00    0.00    0.00    0.00    0.00   51.02
21:23:02       5    2.02    0.00   31.31    0.00    0.00    0.00    0.00    0.00    0.00   66.67
21:23:02       6    4.00    0.00   36.00    0.00    0.00    1.00    0.00    0.00    0.00   59.00
21:23:02       7    5.00    0.00   48.00    0.00    0.00    0.00    0.00    0.00    0.00   47.00
21:23:02       8    4.00    0.00   45.00    0.00    0.00    0.00    0.00    0.00    0.00   51.00
21:23:02       9    5.05    0.00   50.51    0.00    0.00    0.00    0.00    0.00    0.00   44.44
21:23:02      10    6.06    0.00   40.40    0.00    0.00    0.00    0.00    0.00    0.00   53.54
21:23:02      11    2.02    0.00   37.37    0.00    0.00    0.00    0.00    0.00    0.00   60.61
21:23:02      12    5.05    0.00   42.42    0.00    0.00    0.00    0.00    0.00    0.00   52.53
21:23:02      13    5.10    0.00   43.88    0.00    0.00    0.00    0.00    0.00    0.00   51.02
21:23:02      14    4.04    0.00   44.44    0.00    0.00    0.00    0.00    0.00    0.00   51.52
21:23:02      15    5.00    0.00   42.00    0.00    0.00    0.00    0.00    0.00    0.00   53.00
21:23:02      16    4.08    0.00   42.86    0.00    0.00    0.00    0.00    0.00    0.00   53.06
21:23:02      17    5.10    0.00   44.90    0.00    0.00    0.00    0.00    0.00    0.00   50.00
21:23:02      18    2.04    0.00   39.80    0.00    0.00    0.00    0.00    0.00    0.00   58.16
21:23:02      19    3.03    0.00   45.45    0.00    0.00    0.00    0.00    0.00    0.00   51.52

21:23:02     CPU    %usr   %nice    %sys %iowait    %irq   %soft  %steal  %guest  %gnice   %idle
21:23:03     all    3.83    0.00   42.13    0.00    0.00    0.55    0.05    0.00    0.00   53.43
21:23:03       0    3.85    0.00   42.31    0.00    0.00    4.81    0.00    0.00    0.00   49.04
21:23:03       1    2.97    0.00   40.59    0.00    0.00    1.98    0.00    0.00    0.00   54.46
21:23:03       2    3.96    0.00   41.58    0.00    0.00    1.98    0.00    0.00    0.00   52.48
21:23:03       3    3.00    0.00   32.00    0.00    0.00    1.00    0.00    0.00    0.00   64.00
21:23:03       4    5.10    0.00   43.88    0.00    0.00    0.00    0.00    0.00    0.00   51.02
21:23:03       5    6.00    0.00   45.00    0.00    0.00    1.00    0.00    0.00    0.00   48.00
21:23:03       6    4.04    0.00   49.49    0.00    0.00    0.00    0.00    0.00    0.00   46.46
21:23:03       7    3.09    0.00   43.30    0.00    0.00    0.00    0.00    0.00    0.00   53.61
21:23:03       8    3.06    0.00   40.82    0.00    0.00    0.00    0.00    0.00    0.00   56.12
21:23:03       9    3.06    0.00   42.86    0.00    0.00    0.00    0.00    0.00    0.00   54.08
21:23:03      10    4.08    0.00   44.90    0.00    0.00    0.00    0.00    0.00    0.00   51.02
21:23:03      11    5.15    0.00   42.27    0.00    0.00    0.00    0.00    0.00    0.00   52.58
21:23:03      12    3.03    0.00   36.36    0.00    0.00    0.00    0.00    0.00    0.00   60.61
21:23:03      13    4.04    0.00   38.38    0.00    0.00    0.00    0.00    0.00    0.00   57.58
21:23:03      14    3.03    0.00   43.43    0.00    0.00    0.00    0.00    0.00    0.00   53.54
21:23:03      15    2.06    0.00   44.33    0.00    0.00    0.00    0.00    0.00    0.00   53.61
21:23:03      16    5.10    0.00   45.92    0.00    0.00    0.00    0.00    0.00    0.00   48.98
21:23:03      17    3.96    0.00   43.56    0.00    0.00    0.00    0.99    0.00    0.00   51.49
21:23:03      18    3.03    0.00   39.39    0.00    0.00    0.00    0.00    0.00    0.00   57.58
21:23:03      19    5.05    0.00   42.42    0.00    0.00    0.00    0.00    0.00    0.00   52.53

21:23:03     CPU    %usr   %nice    %sys %iowait    %irq   %soft  %steal  %guest  %gnice   %idle
21:23:04     all    3.63    0.00   42.99    0.00    0.00    0.35    0.00    0.00    0.00   53.02
21:23:04       0    1.00    0.00   30.00    0.00    0.00    3.00    0.00    0.00    0.00   66.00
21:23:04       1    5.00    0.00   43.00    0.00    0.00    1.00    0.00    0.00    0.00   51.00
21:23:04       2    3.03    0.00   49.49    0.00    0.00    1.01    0.00    0.00    0.00   46.46
21:23:04       3    3.06    0.00   41.84    0.00    0.00    0.00    0.00    0.00    0.00   55.10
21:23:04       4    6.00    0.00   47.00    0.00    0.00    1.00    0.00    0.00    0.00   46.00
21:23:04       5    3.03    0.00   42.42    0.00    0.00    0.00    0.00    0.00    0.00   54.55
21:23:04       6    4.08    0.00   40.82    0.00    0.00    0.00    0.00    0.00    0.00   55.10
21:23:04       7    3.03    0.00   39.39    0.00    0.00    0.00    0.00    0.00    0.00   57.58
21:23:04       8    2.97    0.00   49.50    0.00    0.00    0.99    0.00    0.00    0.00   46.53
21:23:04       9    5.94    0.00   50.50    0.00    0.00    0.00    0.00    0.00    0.00   43.56
21:23:04      10    4.04    0.00   46.46    0.00    0.00    0.00    0.00    0.00    0.00   49.49
21:23:04      11    4.04    0.00   43.43    0.00    0.00    0.00    0.00    0.00    0.00   52.53
21:23:04      12    4.12    0.00   43.30    0.00    0.00    0.00    0.00    0.00    0.00   52.58
21:23:04      13    3.03    0.00   41.41    0.00    0.00    0.00    0.00    0.00    0.00   55.56
21:23:04      14    3.03    0.00   42.42    0.00    0.00    0.00    0.00    0.00    0.00   54.55
21:23:04      15    4.04    0.00   37.37    0.00    0.00    0.00    0.00    0.00    0.00   58.59
21:23:04      16    2.02    0.00   42.42    0.00    0.00    0.00    0.00    0.00    0.00   55.56
21:23:04      17    4.04    0.00   40.40    0.00    0.00    0.00    0.00    0.00    0.00   55.56
21:23:04      18    4.04    0.00   45.45    0.00    0.00    0.00    0.00    0.00    0.00   50.51
21:23:04      19    3.00    0.00   43.00    0.00    0.00    0.00    0.00    0.00    0.00   54.00

21:23:04     CPU    %usr   %nice    %sys %iowait    %irq   %soft  %steal  %guest  %gnice   %idle
21:23:05     all    3.68    0.00   42.18    0.00    0.00    0.50    0.05    0.00    0.00   53.58
21:23:05       0    3.92    0.00   44.12    0.00    0.00    2.94    0.00    0.00    0.00   49.02
21:23:05       1    3.92    0.00   43.14    0.00    0.00    3.92    0.00    0.00    0.00   49.02
21:23:05       2    3.96    0.00   39.60    0.00    0.00    0.99    0.00    0.00    0.00   55.45
21:23:05       3    6.06    0.00   49.49    0.00    0.00    1.01    0.00    0.00    0.00   43.43
21:23:05       4    2.02    0.00   38.38    0.00    0.00    0.00    0.00    0.00    0.00   59.60
21:23:05       5    4.00    0.00   38.00    0.00    0.00    1.00    0.00    0.00    0.00   57.00
21:23:05       6    4.00    0.00   43.00    0.00    0.00    0.00    0.00    0.00    0.00   53.00
21:23:05       7    3.00    0.00   43.00    0.00    0.00    0.00    1.00    0.00    0.00   53.00
21:23:05       8    3.09    0.00   46.39    0.00    0.00    0.00    0.00    0.00    0.00   50.52
21:23:05       9    2.04    0.00   38.78    0.00    0.00    0.00    0.00    0.00    0.00   59.18
21:23:05      10    3.06    0.00   36.73    0.00    0.00    0.00    0.00    0.00    0.00   60.20
21:23:05      11    4.04    0.00   46.46    0.00    0.00    0.00    0.00    0.00    0.00   49.49
21:23:05      12    4.08    0.00   41.84    0.00    0.00    0.00    0.00    0.00    0.00   54.08
21:23:05      13    3.06    0.00   45.92    0.00    0.00    0.00    0.00    0.00    0.00   51.02
21:23:05      14    3.00    0.00   41.00    0.00    0.00    0.00    0.00    0.00    0.00   56.00
21:23:05      15    6.12    0.00   42.86    0.00    0.00    0.00    0.00    0.00    0.00   51.02
21:23:05      16    3.00    0.00   33.00    0.00    0.00    0.00    0.00    0.00    0.00   64.00
21:23:05      17    4.08    0.00   43.88    0.00    0.00    0.00    0.00    0.00    0.00   52.04
21:23:05      18    4.04    0.00   42.42    0.00    0.00    0.00    0.00    0.00    0.00   53.54
21:23:05      19    3.12    0.00   45.83    0.00    0.00    0.00    0.00    0.00    0.00   51.04

21:23:05     CPU    %usr   %nice    %sys %iowait    %irq   %soft  %steal  %guest  %gnice   %idle
21:23:06     all    3.83    0.00   44.16    0.00    0.00    0.60    0.00    0.00    0.00   51.41
21:23:06       0    5.83    0.00   42.72    0.00    0.00    4.85    0.00    0.00    0.00   46.60
21:23:06       1    3.92    0.00   45.10    0.00    0.00    2.94    0.00    0.00    0.00   48.04
21:23:06       2    4.00    0.00   40.00    0.00    0.00    2.00    0.00    0.00    0.00   54.00
21:23:06       3    3.96    0.00   41.58    0.00    0.00    0.99    0.00    0.00    0.00   53.47
21:23:06       4    3.09    0.00   53.61    0.00    0.00    0.00    0.00    0.00    0.00   43.30
21:23:06       5    2.02    0.00   38.38    0.00    0.00    0.00    0.00    0.00    0.00   59.60
21:23:06       6    5.05    0.00   46.46    0.00    0.00    0.00    0.00    0.00    0.00   48.48
21:23:06       7    3.06    0.00   41.84    0.00    0.00    0.00    0.00    0.00    0.00   55.10
21:23:06       8    3.03    0.00   46.46    0.00    0.00    0.00    0.00    0.00    0.00   50.51
21:23:06       9    4.04    0.00   41.41    0.00    0.00    1.01    0.00    0.00    0.00   53.54
21:23:06      10    3.03    0.00   40.40    0.00    0.00    0.00    0.00    0.00    0.00   56.57
21:23:06      11    5.00    0.00   49.00    0.00    0.00    0.00    0.00    0.00    0.00   46.00
21:23:06      12    5.05    0.00   41.41    0.00    0.00    0.00    0.00    0.00    0.00   53.54
21:23:06      13    3.03    0.00   36.36    0.00    0.00    0.00    0.00    0.00    0.00   60.61
21:23:06      14    5.10    0.00   47.96    0.00    0.00    0.00    0.00    0.00    0.00   46.94
21:23:06      15    3.03    0.00   46.46    0.00    0.00    0.00    0.00    0.00    0.00   50.51
21:23:06      16    5.10    0.00   51.02    0.00    0.00    0.00    0.00    0.00    0.00   43.88
21:23:06      17    3.03    0.00   46.46    0.00    0.00    0.00    0.00    0.00    0.00   50.51
21:23:06      18    3.06    0.00   43.88    0.00    0.00    0.00    0.00    0.00    0.00   53.06
21:23:06      19    3.00    0.00   43.00    0.00    0.00    0.00    0.00    0.00    0.00   54.00

21:23:06     CPU    %usr   %nice    %sys %iowait    %irq   %soft  %steal  %guest  %gnice   %idle
21:23:07     all    3.79    0.00   43.33    0.00    0.00    0.40    0.00    0.00    0.00   52.48
21:23:07       0    3.88    0.00   28.16    0.00    0.00    3.88    0.00    0.00    0.00   64.08
21:23:07       1    5.05    0.00   48.48    0.00    0.00    1.01    0.00    0.00    0.00   45.45
21:23:07       2    5.00    0.00   42.00    0.00    0.00    2.00    0.00    0.00    0.00   51.00
21:23:07       3    1.02    0.00   46.94    0.00    0.00    1.02    0.00    0.00    0.00   51.02
21:23:07       4    5.05    0.00   49.49    0.00    0.00    0.00    0.00    0.00    0.00   45.45
21:23:07       5    5.10    0.00   44.90    0.00    0.00    0.00    0.00    0.00    0.00   50.00
21:23:07       6    3.06    0.00   41.84    0.00    0.00    0.00    0.00    0.00    0.00   55.10
21:23:07       7    4.04    0.00   45.45    0.00    0.00    0.00    0.00    0.00    0.00   50.51
21:23:07       8    2.02    0.00   37.37    0.00    0.00    0.00    0.00    0.00    0.00   60.61
21:23:07       9    4.04    0.00   45.45    0.00    0.00    0.00    0.00    0.00    0.00   50.51
21:23:07      10    3.03    0.00   36.36    0.00    0.00    0.00    0.00    0.00    0.00   60.61
21:23:07      11    3.09    0.00   43.30    0.00    0.00    0.00    0.00    0.00    0.00   53.61
21:23:07      12    4.00    0.00   46.00    0.00    0.00    0.00    0.00    0.00    0.00   50.00
21:23:07      13    3.06    0.00   38.78    0.00    0.00    0.00    0.00    0.00    0.00   58.16
21:23:07      14    2.02    0.00   43.43    0.00    0.00    0.00    0.00    0.00    0.00   54.55
21:23:07      15    5.05    0.00   44.44    0.00    0.00    0.00    0.00    0.00    0.00   50.51
21:23:07      16    4.08    0.00   45.92    0.00    0.00    0.00    0.00    0.00    0.00   50.00
21:23:07      17    5.05    0.00   48.48    0.00    0.00    0.00    0.00    0.00    0.00   46.46
21:23:07      18    4.00    0.00   47.00    0.00    0.00    0.00    0.00    0.00    0.00   49.00
21:23:07      19    4.12    0.00   43.30    0.00    0.00    0.00    0.00    0.00    0.00   52.58

21:23:07     CPU    %usr   %nice    %sys %iowait    %irq   %soft  %steal  %guest  %gnice   %idle
21:23:08     all    4.08    0.00   43.73    0.00    0.00    0.65    0.05    0.00    0.00   51.49
21:23:08       0    5.88    0.00   51.96    0.00    0.00    3.92    0.00    0.00    0.00   38.24
21:23:08       1    3.85    0.00   36.54    0.00    0.00    3.85    0.00    0.00    0.00   55.77
21:23:08       2    3.00    0.00   43.00    0.00    0.00    2.00    0.00    0.00    0.00   52.00
21:23:08       3    3.03    0.00   34.34    0.00    0.00    0.00    0.00    0.00    0.00   62.63
21:23:08       4    6.00    0.00   50.00    0.00    0.00    1.00    0.00    0.00    0.00   43.00
21:23:08       5    4.04    0.00   44.44    0.00    0.00    1.01    0.00    0.00    0.00   50.51
21:23:08       6    4.04    0.00   45.45    0.00    0.00    1.01    0.00    0.00    0.00   49.49
21:23:08       7    4.04    0.00   42.42    0.00    0.00    0.00    0.00    0.00    0.00   53.54
21:23:08       8    5.10    0.00   46.94    0.00    0.00    0.00    0.00    0.00    0.00   47.96
21:23:08       9    5.10    0.00   43.88    0.00    0.00    0.00    0.00    0.00    0.00   51.02
21:23:08      10    4.04    0.00   40.40    0.00    0.00    0.00    0.00    0.00    0.00   55.56
21:23:08      11    4.08    0.00   52.04    0.00    0.00    0.00    0.00    0.00    0.00   43.88
21:23:08      12    4.08    0.00   38.78    0.00    0.00    0.00    0.00    0.00    0.00   57.14
21:23:08      13    3.96    0.00   42.57    0.00    0.00    0.00    0.99    0.00    0.00   52.48
21:23:08      14    4.08    0.00   41.84    0.00    0.00    0.00    0.00    0.00    0.00   54.08
21:23:08      15    3.06    0.00   41.84    0.00    0.00    0.00    0.00    0.00    0.00   55.10
21:23:08      16    3.03    0.00   39.39    0.00    0.00    0.00    0.00    0.00    0.00   57.58
21:23:08      17    3.09    0.00   47.42    0.00    0.00    0.00    0.00    0.00    0.00   49.48
21:23:08      18    4.04    0.00   46.46    0.00    0.00    0.00    0.00    0.00    0.00   49.49
21:23:08      19    4.00    0.00   45.00    0.00    0.00    0.00    0.00    0.00    0.00   51.00

21:23:08     CPU    %usr   %nice    %sys %iowait    %irq   %soft  %steal  %guest  %gnice   %idle
21:23:09     all    4.23    0.00   42.42    0.00    0.00    0.40    0.00    0.00    0.00   52.95
21:23:09       0    3.92    0.00   46.08    0.00    0.00    2.94    0.00    0.00    0.00   47.06
21:23:09       1    3.96    0.00   40.59    0.00    0.00    2.97    0.00    0.00    0.00   52.48
21:23:09       2    4.04    0.00   47.47    0.00    0.00    1.01    0.00    0.00    0.00   47.47
21:23:09       3    3.00    0.00   41.00    0.00    0.00    1.00    0.00    0.00    0.00   55.00
21:23:09       4    8.08    0.00   49.49    0.00    0.00    0.00    0.00    0.00    0.00   42.42
21:23:09       5    3.03    0.00   31.31    0.00    0.00    0.00    0.00    0.00    0.00   65.66
21:23:09       6    5.05    0.00   34.34    0.00    0.00    0.00    0.00    0.00    0.00   60.61
21:23:09       7    5.05    0.00   41.41    0.00    0.00    0.00    0.00    0.00    0.00   53.54
21:23:09       8    4.00    0.00   45.00    0.00    0.00    0.00    0.00    0.00    0.00   51.00
21:23:09       9    4.04    0.00   40.40    0.00    0.00    0.00    0.00    0.00    0.00   55.56
21:23:09      10    4.04    0.00   49.49    0.00    0.00    0.00    0.00    0.00    0.00   46.46
21:23:09      11    5.10    0.00   46.94    0.00    0.00    0.00    0.00    0.00    0.00   47.96
21:23:09      12    3.03    0.00   37.37    0.00    0.00    0.00    0.00    0.00    0.00   59.60
21:23:09      13    4.12    0.00   42.27    0.00    0.00    0.00    0.00    0.00    0.00   53.61
21:23:09      14    4.04    0.00   35.35    0.00    0.00    0.00    0.00    0.00    0.00   60.61
21:23:09      15    5.00    0.00   42.00    0.00    0.00    0.00    0.00    0.00    0.00   53.00
21:23:09      16    2.02    0.00   37.37    0.00    0.00    0.00    0.00    0.00    0.00   60.61
21:23:09      17    3.03    0.00   36.36    0.00    0.00    0.00    0.00    0.00    0.00   60.61
21:23:09      18    4.04    0.00   47.47    0.00    0.00    0.00    0.00    0.00    0.00   48.48
21:23:09      19    6.06    0.00   56.57    0.00    0.00    0.00    0.00    0.00    0.00   37.37

21:23:09     CPU    %usr   %nice    %sys %iowait    %irq   %soft  %steal  %guest  %gnice   %idle
21:23:10     all    3.89    0.00   42.35    0.00    0.00    0.50    0.05    0.00    0.00   53.21
21:23:10       0    4.85    0.00   42.72    0.00    0.00    3.88    0.00    0.00    0.00   48.54
21:23:10       1    3.96    0.00   45.54    0.00    0.00    1.98    0.00    0.00    0.00   48.51
21:23:10       2    5.05    0.00   40.40    0.00    0.00    1.01    0.00    0.00    0.00   53.54
21:23:10       3    3.96    0.00   39.60    0.00    0.00    0.99    0.00    0.00    0.00   55.45
21:23:10       4    3.06    0.00   41.84    0.00    0.00    0.00    0.00    0.00    0.00   55.10
21:23:10       5    4.04    0.00   46.46    0.00    0.00    0.00    0.00    0.00    0.00   49.49
21:23:10       6    4.04    0.00   36.36    0.00    0.00    0.00    0.00    0.00    0.00   59.60
21:23:10       7    3.03    0.00   38.38    0.00    0.00    1.01    0.00    0.00    0.00   57.58
21:23:10       8    4.08    0.00   52.04    0.00    0.00    0.00    0.00    0.00    0.00   43.88
21:23:10       9    4.08    0.00   41.84    0.00    0.00    0.00    0.00    0.00    0.00   54.08
21:23:10      10    2.02    0.00   33.33    0.00    0.00    0.00    1.01    0.00    0.00   63.64
21:23:10      11    4.08    0.00   40.82    0.00    0.00    0.00    0.00    0.00    0.00   55.10
21:23:10      12    3.06    0.00   42.86    0.00    0.00    0.00    0.00    0.00    0.00   54.08
21:23:10      13    4.04    0.00   39.39    0.00    0.00    0.00    0.00    0.00    0.00   56.57
21:23:10      14    5.05    0.00   49.49    0.00    0.00    1.01    0.00    0.00    0.00   44.44
21:23:10      15    4.08    0.00   45.92    0.00    0.00    0.00    0.00    0.00    0.00   50.00
21:23:10      16    3.03    0.00   43.43    0.00    0.00    0.00    0.00    0.00    0.00   53.54
21:23:10      17    4.08    0.00   37.76    0.00    0.00    0.00    0.00    0.00    0.00   58.16
21:23:10      18    4.08    0.00   42.86    0.00    0.00    0.00    0.00    0.00    0.00   53.06
21:23:10      19    4.00    0.00   46.00    0.00    0.00    0.00    0.00    0.00    0.00   50.00

21:23:10     CPU    %usr   %nice    %sys %iowait    %irq   %soft  %steal  %guest  %gnice   %idle
21:23:11     all    3.78    0.00   43.22    0.00    0.00    0.45    0.00    0.00    0.00   52.55
21:23:11       0    6.80    0.00   42.72    0.00    0.00    3.88    0.00    0.00    0.00   46.60
21:23:11       1    3.00    0.00   47.00    0.00    0.00    3.00    0.00    0.00    0.00   47.00
21:23:11       2    3.03    0.00   40.40    0.00    0.00    0.00    0.00    0.00    0.00   56.57
21:23:11       3    5.05    0.00   50.51    0.00    0.00    1.01    0.00    0.00    0.00   43.43
21:23:11       4    4.00    0.00   41.00    0.00    0.00    1.00    0.00    0.00    0.00   54.00
21:23:11       5    4.08    0.00   44.90    0.00    0.00    0.00    0.00    0.00    0.00   51.02
21:23:11       6    3.06    0.00   47.96    0.00    0.00    0.00    0.00    0.00    0.00   48.98
21:23:11       7    3.03    0.00   45.45    0.00    0.00    0.00    0.00    0.00    0.00   51.52
21:23:11       8    4.04    0.00   45.45    0.00    0.00    0.00    0.00    0.00    0.00   50.51
21:23:11       9    3.00    0.00   27.00    0.00    0.00    0.00    0.00    0.00    0.00   70.00
21:23:11      10    5.05    0.00   44.44    0.00    0.00    0.00    0.00    0.00    0.00   50.51
21:23:11      11    4.08    0.00   46.94    0.00    0.00    0.00    0.00    0.00    0.00   48.98
21:23:11      12    3.03    0.00   40.40    0.00    0.00    0.00    0.00    0.00    0.00   56.57
21:23:11      13    2.04    0.00   42.86    0.00    0.00    0.00    0.00    0.00    0.00   55.10
21:23:11      14    4.04    0.00   49.49    0.00    0.00    0.00    0.00    0.00    0.00   46.46
21:23:11      15    4.04    0.00   43.43    0.00    0.00    0.00    0.00    0.00    0.00   52.53
21:23:11      16    4.04    0.00   37.37    0.00    0.00    0.00    0.00    0.00    0.00   58.59
21:23:11      17    3.03    0.00   39.39    0.00    0.00    0.00    0.00    0.00    0.00   57.58
21:23:11      18    4.04    0.00   44.44    0.00    0.00    0.00    0.00    0.00    0.00   51.52
21:23:11      19    3.03    0.00   43.43    0.00    0.00    0.00    0.00    0.00    0.00   53.54

Average:     CPU    %usr   %nice    %sys %iowait    %irq   %soft  %steal  %guest  %gnice   %idle
Average:     all    3.86    0.00   42.93    0.00    0.00    0.50    0.02    0.00    0.00   52.69
Average:       0    4.39    0.00   41.89    0.00    0.00    3.81    0.00    0.00    0.00   49.90
Average:       1    3.85    0.00   43.18    0.00    0.00    2.57    0.00    0.00    0.00   50.40
Average:       2    3.91    0.00   42.79    0.00    0.00    1.40    0.00    0.00    0.00   51.90
Average:       3    3.42    0.00   41.79    0.00    0.00    0.81    0.00    0.00    0.00   53.98
Average:       4    4.55    0.00   46.05    0.00    0.00    0.30    0.00    0.00    0.00   49.09
Average:       5    3.74    0.00   40.71    0.00    0.00    0.30    0.00    0.00    0.00   55.25
Average:       6    4.04    0.00   42.16    0.00    0.00    0.20    0.00    0.00    0.00   53.59
Average:       7    3.64    0.00   42.87    0.00    0.00    0.10    0.10    0.00    0.00   53.29
Average:       8    3.54    0.00   45.50    0.00    0.00    0.10    0.00    0.00    0.00   50.86
Average:       9    4.04    0.00   42.26    0.00    0.00    0.10    0.00    0.00    0.00   53.59
Average:      10    3.85    0.00   41.30    0.00    0.00    0.00    0.10    0.00    0.00   54.76
Average:      11    4.07    0.00   44.86    0.00    0.00    0.00    0.00    0.00    0.00   51.07
Average:      12    3.85    0.00   41.08    0.00    0.00    0.00    0.00    0.00    0.00   55.07
Average:      13    3.55    0.00   41.18    0.00    0.00    0.00    0.10    0.00    0.00   55.17
Average:      14    3.74    0.00   43.88    0.00    0.00    0.10    0.00    0.00    0.00   52.28
Average:      15    4.15    0.00   43.06    0.00    0.00    0.00    0.00    0.00    0.00   52.79
Average:      16    3.55    0.00   41.84    0.00    0.00    0.00    0.00    0.00    0.00   54.61
Average:      17    3.85    0.00   42.86    0.00    0.00    0.00    0.10    0.00    0.00   53.19
Average:      18    3.64    0.00   43.93    0.00    0.00    0.00    0.00    0.00    0.00   52.43
Average:      19    3.84    0.00   45.40    0.00    0.00    0.00    0.00    0.00    0.00   50.76
