Linux 6.8.0-138-generic (snapshots-gpu-mi300x1-192gb-devcloud-atl1) 	10/07/26 	_x86_64_	(20 CPU)

00:12:52     CPU    %usr   %nice    %sys %iowait    %irq   %soft  %steal  %guest  %gnice   %idle
00:12:53     all    3.88    0.00   43.58    0.00    0.00    0.55    0.00    0.00    0.00   51.99
00:12:53       0    3.88    0.00   42.72    0.00    0.00    4.85    0.00    0.00    0.00   48.54
00:12:53       1    4.90    0.00   43.14    0.00    0.00    2.94    0.00    0.00    0.00   49.02
00:12:53       2    2.97    0.00   46.53    0.00    0.00    0.99    0.00    0.00    0.00   49.50
00:12:53       3    4.08    0.00   46.94    0.00    0.00    1.02    0.00    0.00    0.00   47.96
00:12:53       4    4.04    0.00   50.51    0.00    0.00    0.00    0.00    0.00    0.00   45.45
00:12:53       5    4.00    0.00   37.00    0.00    0.00    1.00    0.00    0.00    0.00   58.00
00:12:53       6    5.10    0.00   46.94    0.00    0.00    0.00    0.00    0.00    0.00   47.96
00:12:53       7    3.96    0.00   41.58    0.00    0.00    0.00    0.00    0.00    0.00   54.46
00:12:53       8    3.03    0.00   44.44    0.00    0.00    0.00    0.00    0.00    0.00   52.53
00:12:53       9    3.03    0.00   41.41    0.00    0.00    0.00    0.00    0.00    0.00   55.56
00:12:53      10    4.04    0.00   44.44    0.00    0.00    0.00    0.00    0.00    0.00   51.52
00:12:53      11    4.04    0.00   48.48    0.00    0.00    0.00    0.00    0.00    0.00   47.47
00:12:53      12    4.08    0.00   46.94    0.00    0.00    0.00    0.00    0.00    0.00   48.98
00:12:53      13    3.06    0.00   44.90    0.00    0.00    0.00    0.00    0.00    0.00   52.04
00:12:53      14    3.06    0.00   44.90    0.00    0.00    0.00    0.00    0.00    0.00   52.04
00:12:53      15    3.00    0.00   33.00    0.00    0.00    0.00    0.00    0.00    0.00   64.00
00:12:53      16    5.10    0.00   33.67    0.00    0.00    0.00    0.00    0.00    0.00   61.22
00:12:53      17    3.06    0.00   40.82    0.00    0.00    0.00    0.00    0.00    0.00   56.12
00:12:53      18    5.10    0.00   44.90    0.00    0.00    0.00    0.00    0.00    0.00   50.00
00:12:53      19    4.04    0.00   48.48    0.00    0.00    0.00    0.00    0.00    0.00   47.47

00:12:53     CPU    %usr   %nice    %sys %iowait    %irq   %soft  %steal  %guest  %gnice   %idle
00:12:54     all    3.78    0.00   41.94    0.00    0.00    0.55    0.00    0.00    0.00   53.73
00:12:54       0    3.92    0.00   52.94    0.00    0.00    3.92    0.00    0.00    0.00   39.22
00:12:54       1    1.96    0.00   37.25    0.00    0.00    2.94    0.00    0.00    0.00   57.84
00:12:54       2    3.03    0.00   39.39    0.00    0.00    1.01    0.00    0.00    0.00   56.57
00:12:54       3    3.00    0.00   40.00    0.00    0.00    1.00    0.00    0.00    0.00   56.00
00:12:54       4    3.96    0.00   42.57    0.00    0.00    0.99    0.00    0.00    0.00   52.48
00:12:54       5    4.00    0.00   42.00    0.00    0.00    1.00    0.00    0.00    0.00   53.00
00:12:54       6    4.04    0.00   38.38    0.00    0.00    0.00    0.00    0.00    0.00   57.58
00:12:54       7    5.05    0.00   41.41    0.00    0.00    0.00    0.00    0.00    0.00   53.54
00:12:54       8    4.08    0.00   41.84    0.00    0.00    0.00    0.00    0.00    0.00   54.08
00:12:54       9    4.08    0.00   47.96    0.00    0.00    0.00    0.00    0.00    0.00   47.96
00:12:54      10    4.04    0.00   46.46    0.00    0.00    0.00    0.00    0.00    0.00   49.49
00:12:54      11    6.00    0.00   47.00    0.00    0.00    0.00    0.00    0.00    0.00   47.00
00:12:54      12    4.04    0.00   41.41    0.00    0.00    0.00    0.00    0.00    0.00   54.55
00:12:54      13    4.12    0.00   45.36    0.00    0.00    0.00    0.00    0.00    0.00   50.52
00:12:54      14    3.00    0.00   41.00    0.00    0.00    0.00    0.00    0.00    0.00   56.00
00:12:54      15    2.04    0.00   41.84    0.00    0.00    0.00    0.00    0.00    0.00   56.12
00:12:54      16    2.02    0.00   25.25    0.00    0.00    0.00    0.00    0.00    0.00   72.73
00:12:54      17    4.04    0.00   46.46    0.00    0.00    0.00    0.00    0.00    0.00   49.49
00:12:54      18    6.12    0.00   41.84    0.00    0.00    0.00    0.00    0.00    0.00   52.04
00:12:54      19    3.03    0.00   38.38    0.00    0.00    0.00    0.00    0.00    0.00   58.59

00:12:54     CPU    %usr   %nice    %sys %iowait    %irq   %soft  %steal  %guest  %gnice   %idle
00:12:55     all    3.73    0.00   43.88    0.00    0.00    0.55    0.00    0.00    0.00   51.84
00:12:55       0    3.88    0.00   48.54    0.00    0.00    3.88    0.00    0.00    0.00   43.69
00:12:55       1    3.92    0.00   44.12    0.00    0.00    2.94    0.00    0.00    0.00   49.02
00:12:55       2    3.00    0.00   41.00    0.00    0.00    1.00    0.00    0.00    0.00   55.00
00:12:55       3    4.04    0.00   44.44    0.00    0.00    0.00    0.00    0.00    0.00   51.52
00:12:55       4    3.03    0.00   49.49    0.00    0.00    1.01    0.00    0.00    0.00   46.46
00:12:55       5    4.08    0.00   45.92    0.00    0.00    0.00    0.00    0.00    0.00   50.00
00:12:55       6    4.00    0.00   49.00    0.00    0.00    1.00    0.00    0.00    0.00   46.00
00:12:55       7    3.06    0.00   44.90    0.00    0.00    0.00    0.00    0.00    0.00   52.04
00:12:55       8    4.04    0.00   35.35    0.00    0.00    0.00    0.00    0.00    0.00   60.61
00:12:55       9    3.03    0.00   35.35    0.00    0.00    0.00    0.00    0.00    0.00   61.62
00:12:55      10    2.02    0.00   39.39    0.00    0.00    0.00    0.00    0.00    0.00   58.59
00:12:55      11    6.12    0.00   52.04    0.00    0.00    0.00    0.00    0.00    0.00   41.84
00:12:55      12    4.08    0.00   43.88    0.00    0.00    0.00    0.00    0.00    0.00   52.04
00:12:55      13    5.05    0.00   43.43    0.00    0.00    0.00    0.00    0.00    0.00   51.52
00:12:55      14    4.04    0.00   43.43    0.00    0.00    1.01    0.00    0.00    0.00   51.52
00:12:55      15    4.04    0.00   41.41    0.00    0.00    0.00    0.00    0.00    0.00   54.55
00:12:55      16    3.00    0.00   39.00    0.00    0.00    0.00    0.00    0.00    0.00   58.00
00:12:55      17    4.08    0.00   51.02    0.00    0.00    0.00    0.00    0.00    0.00   44.90
00:12:55      18    0.00    0.00   35.71    0.00    0.00    0.00    0.00    0.00    0.00   64.29
00:12:55      19    6.00    0.00   50.00    0.00    0.00    0.00    0.00    0.00    0.00   44.00

00:12:55     CPU    %usr   %nice    %sys %iowait    %irq   %soft  %steal  %guest  %gnice   %idle
00:12:56     all    3.90    0.00   44.15    0.00    0.00    0.46    0.00    0.00    0.00   51.50
00:12:56       0    3.88    0.00   40.78    0.00    0.00    5.83    0.00    0.00    0.00   49.51
00:12:56       1    3.96    0.00   38.61    0.00    0.00    1.98    0.00    0.00    0.00   55.45
00:12:56       2    4.00    0.00   46.00    0.00    0.00    1.00    0.00    0.00    0.00   49.00
00:12:56       3    2.04    0.00   37.76    0.00    0.00    0.00    0.00    0.00    0.00   60.20
00:12:56       4    6.12    0.00   47.96    0.00    0.00    0.00    0.00    0.00    0.00   45.92
00:12:56       5    3.00    0.00   40.00    0.00    0.00    0.00    0.00    0.00    0.00   57.00
00:12:56       6    4.08    0.00   46.94    0.00    0.00    0.00    0.00    0.00    0.00   48.98
00:12:56       7    6.06    0.00   42.42    0.00    0.00    0.00    0.00    0.00    0.00   51.52
00:12:56       8    4.12    0.00   44.33    0.00    0.00    0.00    0.00    0.00    0.00   51.55
00:12:56       9    3.06    0.00   44.90    0.00    0.00    0.00    0.00    0.00    0.00   52.04
00:12:56      10    3.09    0.00   44.33    0.00    0.00    0.00    0.00    0.00    0.00   52.58
00:12:56      11    2.04    0.00   45.92    0.00    0.00    0.00    0.00    0.00    0.00   52.04
00:12:56      12    4.00    0.00   41.00    0.00    0.00    0.00    0.00    0.00    0.00   55.00
00:12:56      13    2.04    0.00   40.82    0.00    0.00    0.00    0.00    0.00    0.00   57.14
00:12:56      14    4.08    0.00   41.84    0.00    0.00    0.00    0.00    0.00    0.00   54.08
00:12:56      15    6.12    0.00   52.04    0.00    0.00    0.00    0.00    0.00    0.00   41.84
00:12:56      16    4.12    0.00   51.55    0.00    0.00    0.00    0.00    0.00    0.00   44.33
00:12:56      17    3.06    0.00   44.90    0.00    0.00    0.00    0.00    0.00    0.00   52.04
00:12:56      18    5.00    0.00   47.00    0.00    0.00    0.00    0.00    0.00    0.00   48.00
00:12:56      19    4.12    0.00   44.33    0.00    0.00    0.00    0.00    0.00    0.00   51.55

00:12:56     CPU    %usr   %nice    %sys %iowait    %irq   %soft  %steal  %guest  %gnice   %idle
00:12:57     all    4.51    0.00   44.79    0.00    0.00    0.65    0.00    0.00    0.00   50.05
00:12:57       0    3.81    0.00   40.95    0.00    0.00    5.71    0.00    0.00    0.00   49.52
00:12:57       1    5.00    0.00   50.00    0.00    0.00    2.00    0.00    0.00    0.00   43.00
00:12:57       2    4.04    0.00   43.43    0.00    0.00    1.01    0.00    0.00    0.00   51.52
00:12:57       3    4.00    0.00   44.00    0.00    0.00    1.00    0.00    0.00    0.00   51.00
00:12:57       4    3.96    0.00   49.50    0.00    0.00    0.99    0.00    0.00    0.00   45.54
00:12:57       5    7.07    0.00   49.49    0.00    0.00    0.00    0.00    0.00    0.00   43.43
00:12:57       6    3.03    0.00   39.39    0.00    0.00    0.00    0.00    0.00    0.00   57.58
00:12:57       7    3.00    0.00   46.00    0.00    0.00    1.00    0.00    0.00    0.00   50.00
00:12:57       8    4.00    0.00   46.00    0.00    0.00    1.00    0.00    0.00    0.00   49.00
00:12:57       9    3.00    0.00   44.00    0.00    0.00    0.00    0.00    0.00    0.00   53.00
00:12:57      10    4.95    0.00   43.56    0.00    0.00    0.00    0.00    0.00    0.00   51.49
00:12:57      11    6.12    0.00   47.96    0.00    0.00    0.00    0.00    0.00    0.00   45.92
00:12:57      12    7.07    0.00   48.48    0.00    0.00    0.00    0.00    0.00    0.00   44.44
00:12:57      13    6.12    0.00   44.90    0.00    0.00    0.00    0.00    0.00    0.00   48.98
00:12:57      14    6.00    0.00   40.00    0.00    0.00    0.00    0.00    0.00    0.00   54.00
00:12:57      15    4.04    0.00   40.40    0.00    0.00    0.00    0.00    0.00    0.00   55.56
00:12:57      16    4.95    0.00   52.48    0.00    0.00    0.00    0.00    0.00    0.00   42.57
00:12:57      17    4.00    0.00   36.00    0.00    0.00    0.00    0.00    0.00    0.00   60.00
00:12:57      18    3.06    0.00   43.88    0.00    0.00    0.00    0.00    0.00    0.00   53.06
00:12:57      19    3.03    0.00   45.45    0.00    0.00    0.00    0.00    0.00    0.00   51.52

00:12:57     CPU    %usr   %nice    %sys %iowait    %irq   %soft  %steal  %guest  %gnice   %idle
00:12:58     all    4.27    0.00   43.84    0.00    0.00    0.60    0.00    0.00    0.00   51.28
00:12:58       0    4.81    0.00   40.38    0.00    0.00    5.77    0.00    0.00    0.00   49.04
00:12:58       1    4.95    0.00   32.67    0.00    0.00    0.99    0.00    0.00    0.00   61.39
00:12:58       2    3.92    0.00   41.18    0.00    0.00    1.96    0.00    0.00    0.00   52.94
00:12:58       3    5.10    0.00   47.96    0.00    0.00    1.02    0.00    0.00    0.00   45.92
00:12:58       4    3.03    0.00   42.42    0.00    0.00    1.01    0.00    0.00    0.00   53.54
00:12:58       5    3.00    0.00   43.00    0.00    0.00    0.00    0.00    0.00    0.00   54.00
00:12:58       6    5.10    0.00   45.92    0.00    0.00    0.00    0.00    0.00    0.00   48.98
00:12:58       7    8.16    0.00   47.96    0.00    0.00    0.00    0.00    0.00    0.00   43.88
00:12:58       8    4.04    0.00   42.42    0.00    0.00    0.00    0.00    0.00    0.00   53.54
00:12:58       9    6.06    0.00   52.53    0.00    0.00    0.00    0.00    0.00    0.00   41.41
00:12:58      10    3.06    0.00   38.78    0.00    0.00    1.02    0.00    0.00    0.00   57.14
00:12:58      11    2.97    0.00   40.59    0.00    0.00    0.00    0.00    0.00    0.00   56.44
00:12:58      12    3.03    0.00   45.45    0.00    0.00    0.00    0.00    0.00    0.00   51.52
00:12:58      13    4.04    0.00   42.42    0.00    0.00    0.00    0.00    0.00    0.00   53.54
00:12:58      14    4.08    0.00   43.88    0.00    0.00    0.00    0.00    0.00    0.00   52.04
00:12:58      15    4.04    0.00   46.46    0.00    0.00    0.00    0.00    0.00    0.00   49.49
00:12:58      16    4.08    0.00   45.92    0.00    0.00    0.00    0.00    0.00    0.00   50.00
00:12:58      17    4.04    0.00   43.43    0.00    0.00    0.00    0.00    0.00    0.00   52.53
00:12:58      18    5.00    0.00   49.00    0.00    0.00    0.00    0.00    0.00    0.00   46.00
00:12:58      19    3.00    0.00   45.00    0.00    0.00    0.00    0.00    0.00    0.00   52.00

00:12:58     CPU    %usr   %nice    %sys %iowait    %irq   %soft  %steal  %guest  %gnice   %idle
00:12:59     all    3.94    0.00   43.69    0.00    0.00    0.45    0.00    0.00    0.00   51.92
00:12:59       0    2.94    0.00   37.25    0.00    0.00    3.92    0.00    0.00    0.00   55.88
00:12:59       1    4.00    0.00   45.00    0.00    0.00    2.00    0.00    0.00    0.00   49.00
00:12:59       2    4.08    0.00   46.94    0.00    0.00    1.02    0.00    0.00    0.00   47.96
00:12:59       3    5.88    0.00   44.12    0.00    0.00    1.96    0.00    0.00    0.00   48.04
00:12:59       4    4.04    0.00   41.41    0.00    0.00    0.00    0.00    0.00    0.00   54.55
00:12:59       5    4.04    0.00   38.38    0.00    0.00    0.00    0.00    0.00    0.00   57.58
00:12:59       6    6.12    0.00   47.96    0.00    0.00    0.00    0.00    0.00    0.00   45.92
00:12:59       7    4.04    0.00   49.49    0.00    0.00    0.00    0.00    0.00    0.00   46.46
00:12:59       8    4.08    0.00   45.92    0.00    0.00    0.00    0.00    0.00    0.00   50.00
00:12:59       9    3.03    0.00   43.43    0.00    0.00    0.00    0.00    0.00    0.00   53.54
00:12:59      10    5.05    0.00   46.46    0.00    0.00    0.00    0.00    0.00    0.00   48.48
00:12:59      11    3.06    0.00   40.82    0.00    0.00    0.00    0.00    0.00    0.00   56.12
00:12:59      12    3.03    0.00   41.41    0.00    0.00    0.00    0.00    0.00    0.00   55.56
00:12:59      13    2.04    0.00   44.90    0.00    0.00    0.00    0.00    0.00    0.00   53.06
00:12:59      14    5.05    0.00   45.45    0.00    0.00    0.00    0.00    0.00    0.00   49.49
00:12:59      15    3.00    0.00   36.00    0.00    0.00    0.00    0.00    0.00    0.00   61.00
00:12:59      16    3.06    0.00   38.78    0.00    0.00    0.00    0.00    0.00    0.00   58.16
00:12:59      17    4.08    0.00   44.90    0.00    0.00    0.00    0.00    0.00    0.00   51.02
00:12:59      18    4.04    0.00   50.51    0.00    0.00    0.00    0.00    0.00    0.00   45.45
00:12:59      19    4.08    0.00   44.90    0.00    0.00    0.00    0.00    0.00    0.00   51.02

00:12:59     CPU    %usr   %nice    %sys %iowait    %irq   %soft  %steal  %guest  %gnice   %idle
00:13:00     all    4.03    0.00   44.16    0.00    0.00    0.50    0.00    0.00    0.00   51.31
00:13:00       0    4.81    0.00   41.35    0.00    0.00    4.81    0.00    0.00    0.00   49.04
00:13:00       1    3.96    0.00   49.50    0.00    0.00    1.98    0.00    0.00    0.00   44.55
00:13:00       2    3.03    0.00   52.53    0.00    0.00    1.01    0.00    0.00    0.00   43.43
00:13:00       3    4.04    0.00   45.45    0.00    0.00    0.00    0.00    0.00    0.00   50.51
00:13:00       4    3.00    0.00   42.00    0.00    0.00    1.00    0.00    0.00    0.00   54.00
00:13:00       5    7.14    0.00   48.98    0.00    0.00    1.02    0.00    0.00    0.00   42.86
00:13:00       6    5.05    0.00   36.36    0.00    0.00    0.00    0.00    0.00    0.00   58.59
00:13:00       7    4.00    0.00   42.00    0.00    0.00    0.00    0.00    0.00    0.00   54.00
00:13:00       8    4.00    0.00   44.00    0.00    0.00    0.00    0.00    0.00    0.00   52.00
00:13:00       9    3.06    0.00   45.92    0.00    0.00    0.00    0.00    0.00    0.00   51.02
00:13:00      10    3.03    0.00   44.44    0.00    0.00    0.00    0.00    0.00    0.00   52.53
00:13:00      11    4.08    0.00   47.96    0.00    0.00    0.00    0.00    0.00    0.00   47.96
00:13:00      12    6.06    0.00   42.42    0.00    0.00    0.00    0.00    0.00    0.00   51.52
00:13:00      13    5.00    0.00   47.00    0.00    0.00    0.00    0.00    0.00    0.00   48.00
00:13:00      14    4.08    0.00   42.86    0.00    0.00    0.00    0.00    0.00    0.00   53.06
00:13:00      15    3.03    0.00   38.38    0.00    0.00    0.00    0.00    0.00    0.00   58.59
00:13:00      16    3.00    0.00   45.00    0.00    0.00    0.00    0.00    0.00    0.00   52.00
00:13:00      17    2.04    0.00   41.84    0.00    0.00    0.00    0.00    0.00    0.00   56.12
00:13:00      18    5.10    0.00   50.00    0.00    0.00    0.00    0.00    0.00    0.00   44.90
00:13:00      19    3.03    0.00   35.35    0.00    0.00    0.00    0.00    0.00    0.00   61.62

00:13:00     CPU    %usr   %nice    %sys %iowait    %irq   %soft  %steal  %guest  %gnice   %idle
00:13:01     all    4.03    0.00   43.99    0.00    0.00    0.65    0.00    0.00    0.00   51.33
00:13:01       0    3.85    0.00   37.50    0.00    0.00    5.77    0.00    0.00    0.00   52.88
00:13:01       1    3.00    0.00   45.00    0.00    0.00    2.00    0.00    0.00    0.00   50.00
00:13:01       2    2.97    0.00   36.63    0.00    0.00    1.98    0.00    0.00    0.00   58.42
00:13:01       3    3.00    0.00   39.00    0.00    0.00    2.00    0.00    0.00    0.00   56.00
00:13:01       4    3.06    0.00   42.86    0.00    0.00    0.00    0.00    0.00    0.00   54.08
00:13:01       5    4.00    0.00   39.00    0.00    0.00    0.00    0.00    0.00    0.00   57.00
00:13:01       6    5.05    0.00   44.44    0.00    0.00    0.00    0.00    0.00    0.00   50.51
00:13:01       7    3.06    0.00   47.96    0.00    0.00    0.00    0.00    0.00    0.00   48.98
00:13:01       8    4.04    0.00   49.49    0.00    0.00    0.00    0.00    0.00    0.00   46.46
00:13:01       9    7.14    0.00   48.98    0.00    0.00    0.00    0.00    0.00    0.00   43.88
00:13:01      10    6.06    0.00   45.45    0.00    0.00    0.00    0.00    0.00    0.00   48.48
00:13:01      11    4.04    0.00   39.39    0.00    0.00    0.00    0.00    0.00    0.00   56.57
00:13:01      12    3.03    0.00   49.49    0.00    0.00    0.00    0.00    0.00    0.00   47.47
00:13:01      13    4.04    0.00   44.44    0.00    0.00    0.00    0.00    0.00    0.00   51.52
00:13:01      14    5.10    0.00   51.02    0.00    0.00    0.00    0.00    0.00    0.00   43.88
00:13:01      15    3.03    0.00   43.43    0.00    0.00    0.00    0.00    0.00    0.00   53.54
00:13:01      16    3.06    0.00   35.71    0.00    0.00    0.00    0.00    0.00    0.00   61.22
00:13:01      17    5.00    0.00   45.00    0.00    0.00    0.00    0.00    0.00    0.00   50.00
00:13:01      18    5.00    0.00   47.00    0.00    0.00    1.00    0.00    0.00    0.00   47.00
00:13:01      19    3.03    0.00   48.48    0.00    0.00    0.00    0.00    0.00    0.00   48.48

00:13:01     CPU    %usr   %nice    %sys %iowait    %irq   %soft  %steal  %guest  %gnice   %idle
00:13:02     all    4.00    0.00   42.73    0.00    0.00    0.35    0.00    0.00    0.00   52.91
00:13:02       0    4.95    0.00   40.59    0.00    0.00    2.97    0.00    0.00    0.00   51.49
00:13:02       1    4.00    0.00   37.00    0.00    0.00    2.00    0.00    0.00    0.00   57.00
00:13:02       2    2.97    0.00   45.54    0.00    0.00    0.99    0.00    0.00    0.00   50.50
00:13:02       3    4.08    0.00   36.73    0.00    0.00    0.00    0.00    0.00    0.00   59.18
00:13:02       4    3.00    0.00   41.00    0.00    0.00    0.00    0.00    0.00    0.00   56.00
00:13:02       5    2.06    0.00   42.27    0.00    0.00    0.00    0.00    0.00    0.00   55.67
00:13:02       6    4.08    0.00   48.98    0.00    0.00    0.00    0.00    0.00    0.00   46.94
00:13:02       7    4.08    0.00   38.78    0.00    0.00    0.00    0.00    0.00    0.00   57.14
00:13:02       8    3.06    0.00   46.94    0.00    0.00    0.00    0.00    0.00    0.00   50.00
00:13:02       9    5.00    0.00   47.00    0.00    0.00    0.00    0.00    0.00    0.00   48.00
00:13:02      10    4.08    0.00   43.88    0.00    0.00    0.00    0.00    0.00    0.00   52.04
00:13:02      11    3.09    0.00   43.30    0.00    0.00    0.00    0.00    0.00    0.00   53.61
00:13:02      12    4.08    0.00   38.78    0.00    0.00    0.00    0.00    0.00    0.00   57.14
00:13:02      13    5.05    0.00   43.43    0.00    0.00    0.00    0.00    0.00    0.00   51.52
00:13:02      14    4.04    0.00   47.47    0.00    0.00    0.00    0.00    0.00    0.00   48.48
00:13:02      15    4.08    0.00   47.96    0.00    0.00    0.00    0.00    0.00    0.00   47.96
00:13:02      16    4.00    0.00   35.00    0.00    0.00    0.00    0.00    0.00    0.00   61.00
00:13:02      17    6.12    0.00   43.88    0.00    0.00    1.02    0.00    0.00    0.00   48.98
00:13:02      18    4.08    0.00   43.88    0.00    0.00    0.00    0.00    0.00    0.00   52.04
00:13:02      19    4.04    0.00   42.42    0.00    0.00    0.00    0.00    0.00    0.00   53.54

Average:     CPU    %usr   %nice    %sys %iowait    %irq   %soft  %steal  %guest  %gnice   %idle
Average:     all    4.01    0.00   43.68    0.00    0.00    0.53    0.00    0.00    0.00   51.78
Average:       0    4.07    0.00   42.29    0.00    0.00    4.75    0.00    0.00    0.00   48.88
Average:       1    3.96    0.00   42.22    0.00    0.00    2.18    0.00    0.00    0.00   51.64
Average:       2    3.40    0.00   43.90    0.00    0.00    1.20    0.00    0.00    0.00   51.50
Average:       3    3.93    0.00   42.64    0.00    0.00    0.81    0.00    0.00    0.00   52.62
Average:       4    3.72    0.00   44.97    0.00    0.00    0.50    0.00    0.00    0.00   50.80
Average:       5    4.24    0.00   42.58    0.00    0.00    0.30    0.00    0.00    0.00   52.88
Average:       6    4.56    0.00   44.42    0.00    0.00    0.10    0.00    0.00    0.00   50.91
Average:       7    4.44    0.00   44.24    0.00    0.00    0.10    0.00    0.00    0.00   51.21
Average:       8    3.85    0.00   44.07    0.00    0.00    0.10    0.00    0.00    0.00   51.98
Average:       9    4.05    0.00   45.14    0.00    0.00    0.00    0.00    0.00    0.00   50.81
Average:      10    3.95    0.00   43.72    0.00    0.00    0.10    0.00    0.00    0.00   52.23
Average:      11    4.16    0.00   45.33    0.00    0.00    0.00    0.00    0.00    0.00   50.51
Average:      12    4.25    0.00   43.93    0.00    0.00    0.00    0.00    0.00    0.00   51.82
Average:      13    4.06    0.00   44.16    0.00    0.00    0.00    0.00    0.00    0.00   51.78
Average:      14    4.26    0.00   44.17    0.00    0.00    0.10    0.00    0.00    0.00   51.47
Average:      15    3.64    0.00   42.06    0.00    0.00    0.00    0.00    0.00    0.00   54.30
Average:      16    3.64    0.00   40.24    0.00    0.00    0.00    0.00    0.00    0.00   56.12
Average:      17    3.96    0.00   43.81    0.00    0.00    0.10    0.00    0.00    0.00   52.13
Average:      18    4.26    0.00   45.39    0.00    0.00    0.10    0.00    0.00    0.00   50.25
Average:      19    3.74    0.00   44.29    0.00    0.00    0.00    0.00    0.00    0.00   51.97
