Linux 6.8.0-138-generic (snapshots-gpu-mi300x1-192gb-devcloud-atl1) 	10/06/26 	_x86_64_	(20 CPU)

23:57:41     CPU    %usr   %nice    %sys %iowait    %irq   %soft  %steal  %guest  %gnice   %idle
23:57:42     all    3.07    0.00   35.55    0.00    0.00    0.50    0.00    0.00    0.00   60.88
23:57:42       0    2.91    0.00   31.07    0.00    0.00    4.85    0.00    0.00    0.00   61.17
23:57:42       1    1.98    0.00   28.71    0.00    0.00    1.98    0.00    0.00    0.00   67.33
23:57:42       2    3.96    0.00   39.60    0.00    0.00    1.98    0.00    0.00    0.00   54.46
23:57:42       3    2.97    0.00   38.61    0.00    0.00    0.99    0.00    0.00    0.00   57.43
23:57:42       4    2.04    0.00   36.73    0.00    0.00    0.00    0.00    0.00    0.00   61.22
23:57:42       5    3.06    0.00   36.73    0.00    0.00    0.00    0.00    0.00    0.00   60.20
23:57:42       6    3.00    0.00   35.00    0.00    0.00    0.00    0.00    0.00    0.00   62.00
23:57:42       7    5.00    0.00   39.00    0.00    0.00    0.00    0.00    0.00    0.00   56.00
23:57:42       8    3.03    0.00   39.39    0.00    0.00    0.00    0.00    0.00    0.00   57.58
23:57:42       9    4.04    0.00   39.39    0.00    0.00    0.00    0.00    0.00    0.00   56.57
23:57:42      10    3.03    0.00   34.34    0.00    0.00    0.00    0.00    0.00    0.00   62.63
23:57:42      11    2.00    0.00   32.00    0.00    0.00    0.00    0.00    0.00    0.00   66.00
23:57:42      12    3.03    0.00   34.34    0.00    0.00    0.00    0.00    0.00    0.00   62.63
23:57:42      13    4.00    0.00   36.00    0.00    0.00    0.00    0.00    0.00    0.00   60.00
23:57:42      14    3.06    0.00   32.65    0.00    0.00    0.00    0.00    0.00    0.00   64.29
23:57:42      15    2.02    0.00   32.32    0.00    0.00    0.00    0.00    0.00    0.00   65.66
23:57:42      16    3.06    0.00   37.76    0.00    0.00    0.00    0.00    0.00    0.00   59.18
23:57:42      17    3.03    0.00   35.35    0.00    0.00    0.00    0.00    0.00    0.00   61.62
23:57:42      18    3.06    0.00   38.78    0.00    0.00    0.00    0.00    0.00    0.00   58.16
23:57:42      19    3.03    0.00   33.33    0.00    0.00    0.00    0.00    0.00    0.00   63.64

23:57:42     CPU    %usr   %nice    %sys %iowait    %irq   %soft  %steal  %guest  %gnice   %idle
23:57:43     all    3.17    0.00   34.61    0.00    0.00    0.55    0.00    0.00    0.00   61.67
23:57:43       0    1.94    0.00   31.07    0.00    0.00    4.85    0.00    0.00    0.00   62.14
23:57:43       1    2.94    0.00   38.24    0.00    0.00    2.94    0.00    0.00    0.00   55.88
23:57:43       2    2.97    0.00   31.68    0.00    0.00    1.98    0.00    0.00    0.00   63.37
23:57:43       3    4.04    0.00   35.35    0.00    0.00    0.00    0.00    0.00    0.00   60.61
23:57:43       4    5.00    0.00   39.00    0.00    0.00    0.00    0.00    0.00    0.00   56.00
23:57:43       5    3.00    0.00   31.00    0.00    0.00    0.00    0.00    0.00    0.00   66.00
23:57:43       6    3.03    0.00   36.36    0.00    0.00    0.00    0.00    0.00    0.00   60.61
23:57:43       7    2.04    0.00   34.69    0.00    0.00    0.00    0.00    0.00    0.00   63.27
23:57:43       8    4.00    0.00   34.00    0.00    0.00    1.00    0.00    0.00    0.00   61.00
23:57:43       9    4.08    0.00   41.84    0.00    0.00    0.00    0.00    0.00    0.00   54.08
23:57:43      10    4.04    0.00   35.35    0.00    0.00    0.00    0.00    0.00    0.00   60.61
23:57:43      11    3.03    0.00   31.31    0.00    0.00    0.00    0.00    0.00    0.00   65.66
23:57:43      12    3.03    0.00   33.33    0.00    0.00    0.00    0.00    0.00    0.00   63.64
23:57:43      13    3.03    0.00   29.29    0.00    0.00    0.00    0.00    0.00    0.00   67.68
23:57:43      14    3.03    0.00   32.32    0.00    0.00    0.00    0.00    0.00    0.00   64.65
23:57:43      15    3.06    0.00   33.67    0.00    0.00    0.00    0.00    0.00    0.00   63.27
23:57:43      16    3.03    0.00   43.43    0.00    0.00    0.00    0.00    0.00    0.00   53.54
23:57:43      17    3.03    0.00   35.35    0.00    0.00    0.00    0.00    0.00    0.00   61.62
23:57:43      18    2.04    0.00   31.63    0.00    0.00    0.00    0.00    0.00    0.00   66.33
23:57:43      19    3.03    0.00   33.33    0.00    0.00    0.00    0.00    0.00    0.00   63.64

23:57:43     CPU    %usr   %nice    %sys %iowait    %irq   %soft  %steal  %guest  %gnice   %idle
23:57:44     all    2.93    0.00   35.86    0.00    0.00    0.71    0.00    0.00    0.00   60.50
23:57:44       0    2.91    0.00   36.89    0.00    0.00    5.83    0.00    0.00    0.00   54.37
23:57:44       1    3.88    0.00   34.95    0.00    0.00    2.91    0.00    0.00    0.00   58.25
23:57:44       2    2.02    0.00   37.37    0.00    0.00    1.01    0.00    0.00    0.00   59.60
23:57:44       3    2.00    0.00   35.00    0.00    0.00    1.00    0.00    0.00    0.00   62.00
23:57:44       4    3.06    0.00   39.80    0.00    0.00    1.02    0.00    0.00    0.00   56.12
23:57:44       5    3.03    0.00   30.30    0.00    0.00    1.01    0.00    0.00    0.00   65.66
23:57:44       6    3.09    0.00   35.05    0.00    0.00    0.00    0.00    0.00    0.00   61.86
23:57:44       7    4.04    0.00   35.35    0.00    0.00    1.01    0.00    0.00    0.00   59.60
23:57:44       8    4.08    0.00   37.76    0.00    0.00    0.00    0.00    0.00    0.00   58.16
23:57:44       9    3.00    0.00   39.00    0.00    0.00    0.00    0.00    0.00    0.00   58.00
23:57:44      10    3.06    0.00   36.73    0.00    0.00    0.00    0.00    0.00    0.00   60.20
23:57:44      11    2.04    0.00   37.76    0.00    0.00    0.00    0.00    0.00    0.00   60.20
23:57:44      12    3.06    0.00   29.59    0.00    0.00    0.00    0.00    0.00    0.00   67.35
23:57:44      13    3.06    0.00   37.76    0.00    0.00    0.00    0.00    0.00    0.00   59.18
23:57:44      14    2.06    0.00   30.93    0.00    0.00    0.00    0.00    0.00    0.00   67.01
23:57:44      15    3.03    0.00   36.36    0.00    0.00    0.00    0.00    0.00    0.00   60.61
23:57:44      16    2.06    0.00   37.11    0.00    0.00    0.00    0.00    0.00    0.00   60.82
23:57:44      17    3.06    0.00   32.65    0.00    0.00    0.00    0.00    0.00    0.00   64.29
23:57:44      18    2.02    0.00   35.35    0.00    0.00    0.00    0.00    0.00    0.00   62.63
23:57:44      19    4.04    0.00   41.41    0.00    0.00    0.00    0.00    0.00    0.00   54.55

23:57:44     CPU    %usr   %nice    %sys %iowait    %irq   %soft  %steal  %guest  %gnice   %idle
23:57:45     all    2.84    0.00   36.93    0.00    0.00    0.61    0.00    0.00    0.00   59.63
23:57:45       0    3.81    0.00   38.10    0.00    0.00    5.71    0.00    0.00    0.00   52.38
23:57:45       1    1.01    0.00   35.35    0.00    0.00    2.02    0.00    0.00    0.00   61.62
23:57:45       2    3.00    0.00   38.00    0.00    0.00    2.00    0.00    0.00    0.00   57.00
23:57:45       3    2.06    0.00   37.11    0.00    0.00    1.03    0.00    0.00    0.00   59.79
23:57:45       4    3.03    0.00   41.41    0.00    0.00    1.01    0.00    0.00    0.00   54.55
23:57:45       5    3.03    0.00   35.35    0.00    0.00    0.00    0.00    0.00    0.00   61.62
23:57:45       6    4.04    0.00   40.40    0.00    0.00    0.00    0.00    0.00    0.00   55.56
23:57:45       7    3.06    0.00   37.76    0.00    0.00    0.00    0.00    0.00    0.00   59.18
23:57:45       8    3.03    0.00   32.32    0.00    0.00    0.00    0.00    0.00    0.00   64.65
23:57:45       9    2.08    0.00   35.42    0.00    0.00    0.00    0.00    0.00    0.00   62.50
23:57:45      10    4.04    0.00   38.38    0.00    0.00    0.00    0.00    0.00    0.00   57.58
23:57:45      11    3.06    0.00   35.71    0.00    0.00    0.00    0.00    0.00    0.00   61.22
23:57:45      12    3.03    0.00   34.34    0.00    0.00    0.00    0.00    0.00    0.00   62.63
23:57:45      13    3.06    0.00   37.76    0.00    0.00    0.00    0.00    0.00    0.00   59.18
23:57:45      14    3.03    0.00   34.34    0.00    0.00    0.00    0.00    0.00    0.00   62.63
23:57:45      15    3.09    0.00   40.21    0.00    0.00    0.00    0.00    0.00    0.00   56.70
23:57:45      16    3.03    0.00   36.36    0.00    0.00    0.00    0.00    0.00    0.00   60.61
23:57:45      17    1.03    0.00   38.14    0.00    0.00    0.00    0.00    0.00    0.00   60.82
23:57:45      18    3.03    0.00   37.37    0.00    0.00    0.00    0.00    0.00    0.00   59.60
23:57:45      19    2.04    0.00   34.69    0.00    0.00    0.00    0.00    0.00    0.00   63.27

23:57:45     CPU    %usr   %nice    %sys %iowait    %irq   %soft  %steal  %guest  %gnice   %idle
23:57:46     all    2.77    0.00   35.58    0.00    0.00    0.60    0.00    0.00    0.00   61.05
23:57:46       0    2.91    0.00   38.83    0.00    0.00    4.85    0.00    0.00    0.00   53.40
23:57:46       1    2.91    0.00   34.95    0.00    0.00    3.88    0.00    0.00    0.00   58.25
23:57:46       2    3.03    0.00   37.37    0.00    0.00    1.01    0.00    0.00    0.00   58.59
23:57:46       3    2.97    0.00   31.68    0.00    0.00    0.99    0.00    0.00    0.00   64.36
23:57:46       4    1.02    0.00   39.80    0.00    0.00    0.00    0.00    0.00    0.00   59.18
23:57:46       5    3.03    0.00   35.35    0.00    0.00    1.01    0.00    0.00    0.00   60.61
23:57:46       6    2.04    0.00   29.59    0.00    0.00    0.00    0.00    0.00    0.00   68.37
23:57:46       7    3.03    0.00   32.32    0.00    0.00    0.00    0.00    0.00    0.00   64.65
23:57:46       8    3.00    0.00   32.00    0.00    0.00    0.00    0.00    0.00    0.00   65.00
23:57:46       9    3.03    0.00   37.37    0.00    0.00    0.00    0.00    0.00    0.00   59.60
23:57:46      10    2.04    0.00   38.78    0.00    0.00    0.00    0.00    0.00    0.00   59.18
23:57:46      11    3.06    0.00   31.63    0.00    0.00    0.00    0.00    0.00    0.00   65.31
23:57:46      12    3.06    0.00   35.71    0.00    0.00    0.00    0.00    0.00    0.00   61.22
23:57:46      13    2.02    0.00   35.35    0.00    0.00    0.00    0.00    0.00    0.00   62.63
23:57:46      14    3.03    0.00   40.40    0.00    0.00    0.00    0.00    0.00    0.00   56.57
23:57:46      15    3.00    0.00   38.00    0.00    0.00    0.00    0.00    0.00    0.00   59.00
23:57:46      16    4.00    0.00   38.00    0.00    0.00    0.00    0.00    0.00    0.00   58.00
23:57:46      17    3.03    0.00   34.34    0.00    0.00    0.00    0.00    0.00    0.00   62.63
23:57:46      18    2.04    0.00   32.65    0.00    0.00    0.00    0.00    0.00    0.00   65.31
23:57:46      19    3.03    0.00   37.37    0.00    0.00    0.00    0.00    0.00    0.00   59.60

23:57:46     CPU    %usr   %nice    %sys %iowait    %irq   %soft  %steal  %guest  %gnice   %idle
23:57:47     all    3.07    0.00   38.41    0.00    0.00    0.55    0.00    0.00    0.00   57.97
23:57:47       0    2.88    0.00   42.31    0.00    0.00    4.81    0.00    0.00    0.00   50.00
23:57:47       1    0.99    0.00   35.64    0.00    0.00    1.98    0.00    0.00    0.00   61.39
23:57:47       2    3.00    0.00   36.00    0.00    0.00    2.00    0.00    0.00    0.00   59.00
23:57:47       3    2.02    0.00   37.37    0.00    0.00    1.01    0.00    0.00    0.00   59.60
23:57:47       4    3.96    0.00   36.63    0.00    0.00    0.99    0.00    0.00    0.00   58.42
23:57:47       5    3.03    0.00   36.36    0.00    0.00    0.00    0.00    0.00    0.00   60.61
23:57:47       6    3.03    0.00   34.34    0.00    0.00    0.00    0.00    0.00    0.00   62.63
23:57:47       7    4.04    0.00   41.41    0.00    0.00    0.00    0.00    0.00    0.00   54.55
23:57:47       8    2.02    0.00   42.42    0.00    0.00    0.00    0.00    0.00    0.00   55.56
23:57:47       9    3.03    0.00   43.43    0.00    0.00    0.00    0.00    0.00    0.00   53.54
23:57:47      10    3.06    0.00   40.82    0.00    0.00    0.00    0.00    0.00    0.00   56.12
23:57:47      11    4.04    0.00   39.39    0.00    0.00    0.00    0.00    0.00    0.00   56.57
23:57:47      12    4.08    0.00   39.80    0.00    0.00    0.00    0.00    0.00    0.00   56.12
23:57:47      13    3.06    0.00   39.80    0.00    0.00    0.00    0.00    0.00    0.00   57.14
23:57:47      14    2.97    0.00   38.61    0.00    0.00    0.00    0.00    0.00    0.00   58.42
23:57:47      15    3.09    0.00   39.18    0.00    0.00    0.00    0.00    0.00    0.00   57.73
23:57:47      16    4.04    0.00   41.41    0.00    0.00    0.00    0.00    0.00    0.00   54.55
23:57:47      17    3.03    0.00   37.37    0.00    0.00    0.00    0.00    0.00    0.00   59.60
23:57:47      18    3.00    0.00   29.00    0.00    0.00    0.00    0.00    0.00    0.00   68.00
23:57:47      19    3.00    0.00   37.00    0.00    0.00    0.00    0.00    0.00    0.00   60.00

23:57:47     CPU    %usr   %nice    %sys %iowait    %irq   %soft  %steal  %guest  %gnice   %idle
23:57:48     all    2.87    0.00   36.31    0.00    0.00    0.50    0.00    0.00    0.00   60.31
23:57:48       0    2.94    0.00   36.27    0.00    0.00    5.88    0.00    0.00    0.00   54.90
23:57:48       1    2.97    0.00   35.64    0.00    0.00    2.97    0.00    0.00    0.00   58.42
23:57:48       2    3.00    0.00   38.00    0.00    0.00    1.00    0.00    0.00    0.00   58.00
23:57:48       3    3.00    0.00   34.00    0.00    0.00    0.00    0.00    0.00    0.00   63.00
23:57:48       4    2.06    0.00   32.99    0.00    0.00    0.00    0.00    0.00    0.00   64.95
23:57:48       5    2.02    0.00   37.37    0.00    0.00    0.00    0.00    0.00    0.00   60.61
23:57:48       6    2.02    0.00   37.37    0.00    0.00    0.00    0.00    0.00    0.00   60.61
23:57:48       7    5.00    0.00   36.00    0.00    0.00    0.00    0.00    0.00    0.00   59.00
23:57:48       8    3.06    0.00   36.73    0.00    0.00    0.00    0.00    0.00    0.00   60.20
23:57:48       9    3.06    0.00   37.76    0.00    0.00    0.00    0.00    0.00    0.00   59.18
23:57:48      10    3.03    0.00   35.35    0.00    0.00    0.00    0.00    0.00    0.00   61.62
23:57:48      11    2.00    0.00   35.00    0.00    0.00    0.00    0.00    0.00    0.00   63.00
23:57:48      12    2.02    0.00   36.36    0.00    0.00    0.00    0.00    0.00    0.00   61.62
23:57:48      13    3.03    0.00   35.35    0.00    0.00    0.00    0.00    0.00    0.00   61.62
23:57:48      14    2.04    0.00   37.76    0.00    0.00    0.00    0.00    0.00    0.00   60.20
23:57:48      15    4.00    0.00   43.00    0.00    0.00    0.00    0.00    0.00    0.00   53.00
23:57:48      16    2.06    0.00   31.96    0.00    0.00    0.00    0.00    0.00    0.00   65.98
23:57:48      17    3.03    0.00   36.36    0.00    0.00    0.00    0.00    0.00    0.00   60.61
23:57:48      18    3.06    0.00   38.78    0.00    0.00    0.00    0.00    0.00    0.00   58.16
23:57:48      19    4.00    0.00   34.00    0.00    0.00    0.00    0.00    0.00    0.00   62.00

23:57:48     CPU    %usr   %nice    %sys %iowait    %irq   %soft  %steal  %guest  %gnice   %idle
23:57:49     all    2.87    0.00   35.80    0.00    0.00    0.61    0.00    0.00    0.00   60.72
23:57:49       0    3.85    0.00   36.54    0.00    0.00    4.81    0.00    0.00    0.00   54.81
23:57:49       1    1.96    0.00   32.35    0.00    0.00    3.92    0.00    0.00    0.00   61.76
23:57:49       2    3.00    0.00   36.00    0.00    0.00    2.00    0.00    0.00    0.00   59.00
23:57:49       3    2.02    0.00   32.32    0.00    0.00    1.01    0.00    0.00    0.00   64.65
23:57:49       4    3.03    0.00   38.38    0.00    0.00    0.00    0.00    0.00    0.00   58.59
23:57:49       5    2.02    0.00   31.31    0.00    0.00    0.00    0.00    0.00    0.00   66.67
23:57:49       6    3.03    0.00   39.39    0.00    0.00    0.00    0.00    0.00    0.00   57.58
23:57:49       7    2.04    0.00   37.76    0.00    0.00    0.00    0.00    0.00    0.00   60.20
23:57:49       8    4.08    0.00   40.82    0.00    0.00    0.00    0.00    0.00    0.00   55.10
23:57:49       9    2.04    0.00   36.73    0.00    0.00    0.00    0.00    0.00    0.00   61.22
23:57:49      10    3.00    0.00   31.00    0.00    0.00    0.00    0.00    0.00    0.00   66.00
23:57:49      11    4.04    0.00   35.35    0.00    0.00    0.00    0.00    0.00    0.00   60.61
23:57:49      12    4.04    0.00   41.41    0.00    0.00    0.00    0.00    0.00    0.00   54.55
23:57:49      13    2.04    0.00   32.65    0.00    0.00    0.00    0.00    0.00    0.00   65.31
23:57:49      14    4.04    0.00   40.40    0.00    0.00    0.00    0.00    0.00    0.00   55.56
23:57:49      15    2.04    0.00   32.65    0.00    0.00    0.00    0.00    0.00    0.00   65.31
23:57:49      16    3.00    0.00   38.00    0.00    0.00    0.00    0.00    0.00    0.00   59.00
23:57:49      17    4.04    0.00   39.39    0.00    0.00    0.00    0.00    0.00    0.00   56.57
23:57:49      18    2.06    0.00   36.08    0.00    0.00    0.00    0.00    0.00    0.00   61.86
23:57:49      19    2.04    0.00   27.55    0.00    0.00    0.00    0.00    0.00    0.00   70.41

23:57:49     CPU    %usr   %nice    %sys %iowait    %irq   %soft  %steal  %guest  %gnice   %idle
23:57:50     all    2.52    0.00   35.89    0.00    0.00    0.61    0.00    0.00    0.00   60.98
23:57:50       0    0.96    0.00   31.73    0.00    0.00    5.77    0.00    0.00    0.00   61.54
23:57:50       1    2.97    0.00   38.61    0.00    0.00    2.97    0.00    0.00    0.00   55.45
23:57:50       2    1.00    0.00   31.00    0.00    0.00    1.00    0.00    0.00    0.00   67.00
23:57:50       3    3.00    0.00   37.00    0.00    0.00    1.00    0.00    0.00    0.00   59.00
23:57:50       4    2.04    0.00   36.73    0.00    0.00    0.00    0.00    0.00    0.00   61.22
23:57:50       5    2.02    0.00   36.36    0.00    0.00    1.01    0.00    0.00    0.00   60.61
23:57:50       6    2.04    0.00   30.61    0.00    0.00    0.00    0.00    0.00    0.00   67.35
23:57:50       7    3.00    0.00   33.00    0.00    0.00    0.00    0.00    0.00    0.00   64.00
23:57:50       8    2.04    0.00   34.69    0.00    0.00    0.00    0.00    0.00    0.00   63.27
23:57:50       9    4.04    0.00   42.42    0.00    0.00    0.00    0.00    0.00    0.00   53.54
23:57:50      10    2.02    0.00   33.33    0.00    0.00    0.00    0.00    0.00    0.00   64.65
23:57:50      11    4.04    0.00   35.35    0.00    0.00    0.00    0.00    0.00    0.00   60.61
23:57:50      12    2.04    0.00   38.78    0.00    0.00    0.00    0.00    0.00    0.00   59.18
23:57:50      13    3.06    0.00   35.71    0.00    0.00    0.00    0.00    0.00    0.00   61.22
23:57:50      14    2.04    0.00   38.78    0.00    0.00    0.00    0.00    0.00    0.00   59.18
23:57:50      15    3.03    0.00   34.34    0.00    0.00    0.00    0.00    0.00    0.00   62.63
23:57:50      16    2.06    0.00   37.11    0.00    0.00    0.00    0.00    0.00    0.00   60.82
23:57:50      17    1.03    0.00   30.93    0.00    0.00    0.00    0.00    0.00    0.00   68.04
23:57:50      18    3.00    0.00   41.00    0.00    0.00    0.00    0.00    0.00    0.00   56.00
23:57:50      19    5.05    0.00   40.40    0.00    0.00    0.00    0.00    0.00    0.00   54.55

23:57:50     CPU    %usr   %nice    %sys %iowait    %irq   %soft  %steal  %guest  %gnice   %idle
23:57:51     all    3.02    0.00   35.73    0.00    0.00    0.50    0.00    0.00    0.00   60.75
23:57:51       0    3.85    0.00   35.58    0.00    0.00    3.85    0.00    0.00    0.00   56.73
23:57:51       1    2.94    0.00   32.35    0.00    0.00    2.94    0.00    0.00    0.00   61.76
23:57:51       2    3.00    0.00   35.00    0.00    0.00    1.00    0.00    0.00    0.00   61.00
23:57:51       3    3.06    0.00   37.76    0.00    0.00    1.02    0.00    0.00    0.00   58.16
23:57:51       4    2.00    0.00   31.00    0.00    0.00    1.00    0.00    0.00    0.00   66.00
23:57:51       5    4.04    0.00   37.37    0.00    0.00    0.00    0.00    0.00    0.00   58.59
23:57:51       6    4.04    0.00   37.37    0.00    0.00    0.00    0.00    0.00    0.00   58.59
23:57:51       7    2.04    0.00   34.69    0.00    0.00    0.00    0.00    0.00    0.00   63.27
23:57:51       8    3.03    0.00   39.39    0.00    0.00    0.00    0.00    0.00    0.00   57.58
23:57:51       9    3.00    0.00   36.00    0.00    0.00    0.00    0.00    0.00    0.00   61.00
23:57:51      10    4.04    0.00   35.35    0.00    0.00    0.00    0.00    0.00    0.00   60.61
23:57:51      11    3.03    0.00   30.30    0.00    0.00    0.00    0.00    0.00    0.00   66.67
23:57:51      12    2.00    0.00   34.00    0.00    0.00    0.00    0.00    0.00    0.00   64.00
23:57:51      13    2.02    0.00   36.36    0.00    0.00    0.00    0.00    0.00    0.00   61.62
23:57:51      14    2.02    0.00   34.34    0.00    0.00    0.00    0.00    0.00    0.00   63.64
23:57:51      15    2.04    0.00   38.78    0.00    0.00    0.00    0.00    0.00    0.00   59.18
23:57:51      16    3.03    0.00   36.36    0.00    0.00    0.00    0.00    0.00    0.00   60.61
23:57:51      17    4.00    0.00   37.00    0.00    0.00    0.00    0.00    0.00    0.00   59.00
23:57:51      18    3.03    0.00   36.36    0.00    0.00    0.00    0.00    0.00    0.00   60.61
23:57:51      19    4.04    0.00   39.39    0.00    0.00    0.00    0.00    0.00    0.00   56.57

Average:     CPU    %usr   %nice    %sys %iowait    %irq   %soft  %steal  %guest  %gnice   %idle
Average:     all    2.91    0.00   36.07    0.00    0.00    0.57    0.00    0.00    0.00   60.45
Average:       0    2.90    0.00   35.85    0.00    0.00    5.12    0.00    0.00    0.00   56.14
Average:       1    2.46    0.00   34.68    0.00    0.00    2.86    0.00    0.00    0.00   60.00
Average:       2    2.80    0.00   36.00    0.00    0.00    1.50    0.00    0.00    0.00   59.70
Average:       3    2.72    0.00   35.61    0.00    0.00    0.80    0.00    0.00    0.00   60.87
Average:       4    2.73    0.00   37.25    0.00    0.00    0.40    0.00    0.00    0.00   59.62
Average:       5    2.83    0.00   34.75    0.00    0.00    0.30    0.00    0.00    0.00   62.12
Average:       6    2.94    0.00   35.56    0.00    0.00    0.00    0.00    0.00    0.00   61.50
Average:       7    3.34    0.00   36.20    0.00    0.00    0.10    0.00    0.00    0.00   60.36
Average:       8    3.14    0.00   36.94    0.00    0.00    0.10    0.00    0.00    0.00   59.82
Average:       9    3.14    0.00   38.95    0.00    0.00    0.00    0.00    0.00    0.00   57.91
Average:      10    3.14    0.00   35.93    0.00    0.00    0.00    0.00    0.00    0.00   60.93
Average:      11    3.03    0.00   34.38    0.00    0.00    0.00    0.00    0.00    0.00   62.59
Average:      12    2.94    0.00   35.76    0.00    0.00    0.00    0.00    0.00    0.00   61.30
Average:      13    2.84    0.00   35.60    0.00    0.00    0.00    0.00    0.00    0.00   61.56
Average:      14    2.74    0.00   36.07    0.00    0.00    0.00    0.00    0.00    0.00   61.20
Average:      15    2.84    0.00   36.85    0.00    0.00    0.00    0.00    0.00    0.00   60.30
Average:      16    2.94    0.00   37.77    0.00    0.00    0.00    0.00    0.00    0.00   59.29
Average:      17    2.84    0.00   35.70    0.00    0.00    0.00    0.00    0.00    0.00   61.46
Average:      18    2.64    0.00   35.70    0.00    0.00    0.00    0.00    0.00    0.00   61.66
Average:      19    3.33    0.00   35.86    0.00    0.00    0.00    0.00    0.00    0.00   60.81
