Linux 6.8.0-138-generic (snapshots-gpu-mi300x1-192gb-devcloud-atl1) 	10/06/26 	_x86_64_	(20 CPU)

23:18:25     CPU    %usr   %nice    %sys %iowait    %irq   %soft  %steal  %guest  %gnice   %idle
23:18:26     all    4.92    0.00   44.72    0.00    0.00    0.30    0.00    0.00    0.00   50.05
23:18:26       0    2.97    0.00   36.63    0.00    0.00    1.98    0.00    0.00    0.00   58.42
23:18:26       1    3.00    0.00   45.00    0.00    0.00    1.00    0.00    0.00    0.00   51.00
23:18:26       2    4.04    0.00   50.51    0.00    0.00    1.01    0.00    0.00    0.00   44.44
23:18:26       3    6.00    0.00   45.00    0.00    0.00    0.00    0.00    0.00    0.00   49.00
23:18:26       4    4.04    0.00   46.46    0.00    0.00    1.01    0.00    0.00    0.00   48.48
23:18:26       5    4.00    0.00   45.00    0.00    0.00    0.00    0.00    0.00    0.00   51.00
23:18:26       6    6.06    0.00   44.44    0.00    0.00    0.00    0.00    0.00    0.00   49.49
23:18:26       7    4.04    0.00   49.49    0.00    0.00    0.00    0.00    0.00    0.00   46.46
23:18:26       8    6.00    0.00   47.00    0.00    0.00    0.00    0.00    0.00    0.00   47.00
23:18:26       9    6.06    0.00   47.47    0.00    0.00    0.00    0.00    0.00    0.00   46.46
23:18:26      10    8.00    0.00   45.00    0.00    0.00    0.00    0.00    0.00    0.00   47.00
23:18:26      11    5.10    0.00   46.94    0.00    0.00    0.00    0.00    0.00    0.00   47.96
23:18:26      12    6.00    0.00   48.00    0.00    0.00    1.00    0.00    0.00    0.00   45.00
23:18:26      13    3.03    0.00   39.39    0.00    0.00    0.00    0.00    0.00    0.00   57.58
23:18:26      14    4.00    0.00   46.00    0.00    0.00    0.00    0.00    0.00    0.00   50.00
23:18:26      15    5.05    0.00   47.47    0.00    0.00    0.00    0.00    0.00    0.00   47.47
23:18:26      16    4.04    0.00   45.45    0.00    0.00    0.00    0.00    0.00    0.00   50.51
23:18:26      17    5.00    0.00   34.00    0.00    0.00    0.00    0.00    0.00    0.00   61.00
23:18:26      18    6.00    0.00   45.00    0.00    0.00    0.00    0.00    0.00    0.00   49.00
23:18:26      19    6.06    0.00   40.40    0.00    0.00    0.00    0.00    0.00    0.00   53.54

23:18:26     CPU    %usr   %nice    %sys %iowait    %irq   %soft  %steal  %guest  %gnice   %idle
23:18:27     all    5.48    0.00   45.22    0.00    0.00    0.25    0.00    0.00    0.00   49.04
23:18:27       0    4.04    0.00   45.45    0.00    0.00    1.01    0.00    0.00    0.00   49.49
23:18:27       1    7.00    0.00   46.00    0.00    0.00    0.00    0.00    0.00    0.00   47.00
23:18:27       2    7.00    0.00   45.00    0.00    0.00    1.00    0.00    0.00    0.00   47.00
23:18:27       3    6.00    0.00   47.00    0.00    0.00    1.00    0.00    0.00    0.00   46.00
23:18:27       4    7.07    0.00   41.41    0.00    0.00    0.00    0.00    0.00    0.00   51.52
23:18:27       5    6.06    0.00   38.38    0.00    0.00    0.00    0.00    0.00    0.00   55.56
23:18:27       6    5.05    0.00   48.48    0.00    0.00    0.00    0.00    0.00    0.00   46.46
23:18:27       7    5.05    0.00   45.45    0.00    0.00    0.00    0.00    0.00    0.00   49.49
23:18:27       8    6.93    0.00   45.54    0.00    0.00    0.99    0.00    0.00    0.00   46.53
23:18:27       9    5.94    0.00   52.48    0.00    0.00    0.00    0.00    0.00    0.00   41.58
23:18:27      10    3.03    0.00   45.45    0.00    0.00    0.00    0.00    0.00    0.00   51.52
23:18:27      11    4.00    0.00   43.00    0.00    0.00    1.00    0.00    0.00    0.00   52.00
23:18:27      12    5.05    0.00   46.46    0.00    0.00    0.00    0.00    0.00    0.00   48.48
23:18:27      13    5.05    0.00   41.41    0.00    0.00    0.00    0.00    0.00    0.00   53.54
23:18:27      14    6.06    0.00   48.48    0.00    0.00    0.00    0.00    0.00    0.00   45.45
23:18:27      15    7.00    0.00   43.00    0.00    0.00    0.00    0.00    0.00    0.00   50.00
23:18:27      16    5.00    0.00   47.00    0.00    0.00    0.00    0.00    0.00    0.00   48.00
23:18:27      17    3.06    0.00   44.90    0.00    0.00    0.00    0.00    0.00    0.00   52.04
23:18:27      18    5.10    0.00   40.82    0.00    0.00    0.00    0.00    0.00    0.00   54.08
23:18:27      19    6.06    0.00   48.48    0.00    0.00    0.00    0.00    0.00    0.00   45.45

23:18:27     CPU    %usr   %nice    %sys %iowait    %irq   %soft  %steal  %guest  %gnice   %idle
23:18:28     all    5.83    0.00   46.06    0.00    0.00    0.40    0.00    0.00    0.00   47.71
23:18:28       0    6.86    0.00   50.00    0.00    0.00    2.94    0.00    0.00    0.00   40.20
23:18:28       1    5.00    0.00   47.00    0.00    0.00    2.00    0.00    0.00    0.00   46.00
23:18:28       2    5.00    0.00   45.00    0.00    0.00    1.00    0.00    0.00    0.00   49.00
23:18:28       3    8.00    0.00   45.00    0.00    0.00    0.00    0.00    0.00    0.00   47.00
23:18:28       4    6.06    0.00   42.42    0.00    0.00    0.00    0.00    0.00    0.00   51.52
23:18:28       5    6.06    0.00   46.46    0.00    0.00    0.00    0.00    0.00    0.00   47.47
23:18:28       6    7.00    0.00   51.00    0.00    0.00    1.00    0.00    0.00    0.00   41.00
23:18:28       7    5.94    0.00   43.56    0.00    0.00    0.99    0.00    0.00    0.00   49.50
23:18:28       8    5.10    0.00   47.96    0.00    0.00    0.00    0.00    0.00    0.00   46.94
23:18:28       9    4.04    0.00   41.41    0.00    0.00    0.00    0.00    0.00    0.00   54.55
23:18:28      10    5.05    0.00   43.43    0.00    0.00    0.00    0.00    0.00    0.00   51.52
23:18:28      11    5.05    0.00   50.51    0.00    0.00    0.00    0.00    0.00    0.00   44.44
23:18:28      12    5.05    0.00   41.41    0.00    0.00    0.00    0.00    0.00    0.00   53.54
23:18:28      13    5.00    0.00   47.00    0.00    0.00    0.00    0.00    0.00    0.00   48.00
23:18:28      14    7.07    0.00   52.53    0.00    0.00    0.00    0.00    0.00    0.00   40.40
23:18:28      15    6.06    0.00   45.45    0.00    0.00    0.00    0.00    0.00    0.00   48.48
23:18:28      16    7.07    0.00   50.51    0.00    0.00    0.00    0.00    0.00    0.00   42.42
23:18:28      17    6.93    0.00   45.54    0.00    0.00    0.00    0.00    0.00    0.00   47.52
23:18:28      18    6.06    0.00   46.46    0.00    0.00    0.00    0.00    0.00    0.00   47.47
23:18:28      19    4.04    0.00   38.38    0.00    0.00    0.00    0.00    0.00    0.00   57.58

23:18:28     CPU    %usr   %nice    %sys %iowait    %irq   %soft  %steal  %guest  %gnice   %idle
23:18:29     all    4.98    0.00   42.61    0.00    0.00    0.25    0.00    0.00    0.00   52.16
23:18:29       0    4.90    0.00   38.24    0.00    0.00    1.96    0.00    0.00    0.00   54.90
23:18:29       1    6.93    0.00   44.55    0.00    0.00    0.99    0.00    0.00    0.00   47.52
23:18:29       2    5.00    0.00   48.00    0.00    0.00    0.00    0.00    0.00    0.00   47.00
23:18:29       3    4.04    0.00   44.44    0.00    0.00    1.01    0.00    0.00    0.00   50.51
23:18:29       4    4.00    0.00   44.00    0.00    0.00    0.00    0.00    0.00    0.00   52.00
23:18:29       5    5.05    0.00   40.40    0.00    0.00    0.00    0.00    0.00    0.00   54.55
23:18:29       6    4.04    0.00   42.42    0.00    0.00    0.00    0.00    0.00    0.00   53.54
23:18:29       7    8.08    0.00   38.38    0.00    0.00    0.00    0.00    0.00    0.00   53.54
23:18:29       8    8.08    0.00   44.44    0.00    0.00    0.00    0.00    0.00    0.00   47.47
23:18:29       9    5.10    0.00   50.00    0.00    0.00    0.00    0.00    0.00    0.00   44.90
23:18:29      10    3.03    0.00   39.39    0.00    0.00    0.00    0.00    0.00    0.00   57.58
23:18:29      11    4.00    0.00   38.00    0.00    0.00    0.00    0.00    0.00    0.00   58.00
23:18:29      12    3.06    0.00   38.78    0.00    0.00    0.00    0.00    0.00    0.00   58.16
23:18:29      13    3.06    0.00   36.73    0.00    0.00    0.00    0.00    0.00    0.00   60.20
23:18:29      14    6.00    0.00   52.00    0.00    0.00    0.00    0.00    0.00    0.00   42.00
23:18:29      15    5.05    0.00   47.47    0.00    0.00    0.00    0.00    0.00    0.00   47.47
23:18:29      16    4.04    0.00   44.44    0.00    0.00    0.00    0.00    0.00    0.00   51.52
23:18:29      17    4.04    0.00   43.43    0.00    0.00    0.00    0.00    0.00    0.00   52.53
23:18:29      18    5.00    0.00   38.00    0.00    0.00    0.00    0.00    0.00    0.00   57.00
23:18:29      19    7.00    0.00   39.00    0.00    0.00    1.00    0.00    0.00    0.00   53.00

23:18:29     CPU    %usr   %nice    %sys %iowait    %irq   %soft  %steal  %guest  %gnice   %idle
23:18:30     all    5.04    0.00   42.97    0.00    0.00    0.40    0.00    0.00    0.00   51.59
23:18:30       0    3.92    0.00   34.31    0.00    0.00    3.92    0.00    0.00    0.00   57.84
23:18:30       1    4.95    0.00   43.56    0.00    0.00    1.98    0.00    0.00    0.00   49.50
23:18:30       2    3.03    0.00   39.39    0.00    0.00    1.01    0.00    0.00    0.00   56.57
23:18:30       3    4.00    0.00   40.00    0.00    0.00    0.00    0.00    0.00    0.00   56.00
23:18:30       4    7.07    0.00   42.42    0.00    0.00    1.01    0.00    0.00    0.00   49.49
23:18:30       5    5.05    0.00   46.46    0.00    0.00    0.00    0.00    0.00    0.00   48.48
23:18:30       6    7.00    0.00   44.00    0.00    0.00    0.00    0.00    0.00    0.00   49.00
23:18:30       7    7.07    0.00   42.42    0.00    0.00    0.00    0.00    0.00    0.00   50.51
23:18:30       8    6.06    0.00   41.41    0.00    0.00    0.00    0.00    0.00    0.00   52.53
23:18:30       9    6.00    0.00   46.00    0.00    0.00    0.00    0.00    0.00    0.00   48.00
23:18:30      10    4.00    0.00   37.00    0.00    0.00    0.00    0.00    0.00    0.00   59.00
23:18:30      11    5.05    0.00   39.39    0.00    0.00    0.00    0.00    0.00    0.00   55.56
23:18:30      12    5.00    0.00   47.00    0.00    0.00    0.00    0.00    0.00    0.00   48.00
23:18:30      13    5.00    0.00   45.00    0.00    0.00    0.00    0.00    0.00    0.00   50.00
23:18:30      14    5.10    0.00   42.86    0.00    0.00    0.00    0.00    0.00    0.00   52.04
23:18:30      15    4.08    0.00   43.88    0.00    0.00    0.00    0.00    0.00    0.00   52.04
23:18:30      16    5.05    0.00   44.44    0.00    0.00    0.00    0.00    0.00    0.00   50.51
23:18:30      17    5.10    0.00   44.90    0.00    0.00    0.00    0.00    0.00    0.00   50.00
23:18:30      18    4.08    0.00   45.92    0.00    0.00    0.00    0.00    0.00    0.00   50.00
23:18:30      19    4.12    0.00   49.48    0.00    0.00    0.00    0.00    0.00    0.00   46.39

23:18:30     CPU    %usr   %nice    %sys %iowait    %irq   %soft  %steal  %guest  %gnice   %idle
23:18:31     all    5.34    0.00   43.93    0.00    0.00    0.35    0.00    0.00    0.00   50.38
23:18:31       0    5.00    0.00   40.00    0.00    0.00    2.00    0.00    0.00    0.00   53.00
23:18:31       1    5.00    0.00   45.00    0.00    0.00    2.00    0.00    0.00    0.00   48.00
23:18:31       2    3.92    0.00   40.20    0.00    0.00    1.96    0.00    0.00    0.00   53.92
23:18:31       3    4.04    0.00   35.35    0.00    0.00    0.00    0.00    0.00    0.00   60.61
23:18:31       4    6.06    0.00   43.43    0.00    0.00    0.00    0.00    0.00    0.00   50.51
23:18:31       5    6.06    0.00   44.44    0.00    0.00    1.01    0.00    0.00    0.00   48.48
23:18:31       6    5.10    0.00   42.86    0.00    0.00    0.00    0.00    0.00    0.00   52.04
23:18:31       7    6.06    0.00   50.51    0.00    0.00    0.00    0.00    0.00    0.00   43.43
23:18:31       8    5.05    0.00   48.48    0.00    0.00    0.00    0.00    0.00    0.00   46.46
23:18:31       9    4.04    0.00   50.51    0.00    0.00    0.00    0.00    0.00    0.00   45.45
23:18:31      10    3.06    0.00   39.80    0.00    0.00    0.00    0.00    0.00    0.00   57.14
23:18:31      11    5.00    0.00   47.00    0.00    0.00    0.00    0.00    0.00    0.00   48.00
23:18:31      12    6.06    0.00   48.48    0.00    0.00    0.00    0.00    0.00    0.00   45.45
23:18:31      13    6.06    0.00   40.40    0.00    0.00    0.00    0.00    0.00    0.00   53.54
23:18:31      14    7.07    0.00   47.47    0.00    0.00    0.00    0.00    0.00    0.00   45.45
23:18:31      15    8.00    0.00   47.00    0.00    0.00    0.00    0.00    0.00    0.00   45.00
23:18:31      16    7.07    0.00   41.41    0.00    0.00    0.00    0.00    0.00    0.00   51.52
23:18:31      17    5.05    0.00   39.39    0.00    0.00    0.00    0.00    0.00    0.00   55.56
23:18:31      18    3.03    0.00   37.37    0.00    0.00    0.00    0.00    0.00    0.00   59.60
23:18:31      19    6.06    0.00   49.49    0.00    0.00    0.00    0.00    0.00    0.00   44.44

23:18:31     CPU    %usr   %nice    %sys %iowait    %irq   %soft  %steal  %guest  %gnice   %idle
23:18:32     all    5.00    0.00   44.47    0.00    0.00    0.20    0.00    0.00    0.00   50.33
23:18:32       0    3.88    0.00   44.66    0.00    0.00    2.91    0.00    0.00    0.00   48.54
23:18:32       1    4.00    0.00   38.00    0.00    0.00    1.00    0.00    0.00    0.00   57.00
23:18:32       2    4.12    0.00   43.30    0.00    0.00    0.00    0.00    0.00    0.00   52.58
23:18:32       3    5.05    0.00   46.46    0.00    0.00    0.00    0.00    0.00    0.00   48.48
23:18:32       4    3.06    0.00   45.92    0.00    0.00    0.00    0.00    0.00    0.00   51.02
23:18:32       5    5.10    0.00   41.84    0.00    0.00    0.00    0.00    0.00    0.00   53.06
23:18:32       6    5.05    0.00   57.58    0.00    0.00    0.00    0.00    0.00    0.00   37.37
23:18:32       7    4.00    0.00   39.00    0.00    0.00    0.00    0.00    0.00    0.00   57.00
23:18:32       8    4.04    0.00   40.40    0.00    0.00    0.00    0.00    0.00    0.00   55.56
23:18:32       9    7.07    0.00   45.45    0.00    0.00    0.00    0.00    0.00    0.00   47.47
23:18:32      10    3.03    0.00   44.44    0.00    0.00    0.00    0.00    0.00    0.00   52.53
23:18:32      11    5.10    0.00   41.84    0.00    0.00    0.00    0.00    0.00    0.00   53.06
23:18:32      12    7.14    0.00   41.84    0.00    0.00    0.00    0.00    0.00    0.00   51.02
23:18:32      13    5.05    0.00   47.47    0.00    0.00    0.00    0.00    0.00    0.00   47.47
23:18:32      14    3.03    0.00   47.47    0.00    0.00    0.00    0.00    0.00    0.00   49.49
23:18:32      15    7.07    0.00   42.42    0.00    0.00    0.00    0.00    0.00    0.00   50.51
23:18:32      16    6.06    0.00   44.44    0.00    0.00    0.00    0.00    0.00    0.00   49.49
23:18:32      17    4.04    0.00   43.43    0.00    0.00    0.00    0.00    0.00    0.00   52.53
23:18:32      18    7.00    0.00   48.00    0.00    0.00    0.00    0.00    0.00    0.00   45.00
23:18:32      19    7.07    0.00   45.45    0.00    0.00    0.00    0.00    0.00    0.00   47.47

23:18:32     CPU    %usr   %nice    %sys %iowait    %irq   %soft  %steal  %guest  %gnice   %idle
23:18:33     all    4.71    0.00   41.57    0.00    0.00    0.35    0.00    0.00    0.00   53.36
23:18:33       0    3.92    0.00   44.12    0.00    0.00    3.92    0.00    0.00    0.00   48.04
23:18:33       1    5.00    0.00   43.00    0.00    0.00    1.00    0.00    0.00    0.00   51.00
23:18:33       2    7.84    0.00   43.14    0.00    0.00    0.98    0.00    0.00    0.00   48.04
23:18:33       3    6.00    0.00   43.00    0.00    0.00    1.00    0.00    0.00    0.00   50.00
23:18:33       4    2.00    0.00   32.00    0.00    0.00    0.00    0.00    0.00    0.00   66.00
23:18:33       5    4.95    0.00   41.58    0.00    0.00    0.00    0.00    0.00    0.00   53.47
23:18:33       6    5.00    0.00   52.00    0.00    0.00    0.00    0.00    0.00    0.00   43.00
23:18:33       7    4.04    0.00   44.44    0.00    0.00    0.00    0.00    0.00    0.00   51.52
23:18:33       8    4.04    0.00   37.37    0.00    0.00    0.00    0.00    0.00    0.00   58.59
23:18:33       9    4.08    0.00   40.82    0.00    0.00    0.00    0.00    0.00    0.00   55.10
23:18:33      10    5.05    0.00   40.40    0.00    0.00    0.00    0.00    0.00    0.00   54.55
23:18:33      11    5.00    0.00   44.00    0.00    0.00    0.00    0.00    0.00    0.00   51.00
23:18:33      12    4.00    0.00   40.00    0.00    0.00    0.00    0.00    0.00    0.00   56.00
23:18:33      13    5.05    0.00   39.39    0.00    0.00    0.00    0.00    0.00    0.00   55.56
23:18:33      14    6.12    0.00   40.82    0.00    0.00    0.00    0.00    0.00    0.00   53.06
23:18:33      15    4.00    0.00   42.00    0.00    0.00    0.00    0.00    0.00    0.00   54.00
23:18:33      16    3.03    0.00   42.42    0.00    0.00    0.00    0.00    0.00    0.00   54.55
23:18:33      17    6.06    0.00   41.41    0.00    0.00    0.00    0.00    0.00    0.00   52.53
23:18:33      18    5.00    0.00   39.00    0.00    0.00    0.00    0.00    0.00    0.00   56.00
23:18:33      19    4.04    0.00   40.40    0.00    0.00    0.00    0.00    0.00    0.00   55.56

23:18:33     CPU    %usr   %nice    %sys %iowait    %irq   %soft  %steal  %guest  %gnice   %idle
23:18:34     all    5.23    0.00   42.51    0.00    0.00    0.40    0.00    0.00    0.00   51.86
23:18:34       0    4.90    0.00   40.20    0.00    0.00    2.94    0.00    0.00    0.00   51.96
23:18:34       1    5.88    0.00   49.02    0.00    0.00    2.94    0.00    0.00    0.00   42.16
23:18:34       2    4.00    0.00   49.00    0.00    0.00    1.00    0.00    0.00    0.00   46.00
23:18:34       3    5.00    0.00   43.00    0.00    0.00    1.00    0.00    0.00    0.00   51.00
23:18:34       4    4.04    0.00   42.42    0.00    0.00    0.00    0.00    0.00    0.00   53.54
23:18:34       5    6.06    0.00   39.39    0.00    0.00    0.00    0.00    0.00    0.00   54.55
23:18:34       6    5.05    0.00   39.39    0.00    0.00    0.00    0.00    0.00    0.00   55.56
23:18:34       7    5.05    0.00   40.40    0.00    0.00    0.00    0.00    0.00    0.00   54.55
23:18:34       8    4.04    0.00   44.44    0.00    0.00    0.00    0.00    0.00    0.00   51.52
23:18:34       9    4.00    0.00   43.00    0.00    0.00    0.00    0.00    0.00    0.00   53.00
23:18:34      10    6.00    0.00   33.00    0.00    0.00    0.00    0.00    0.00    0.00   61.00
23:18:34      11    6.12    0.00   45.92    0.00    0.00    0.00    0.00    0.00    0.00   47.96
23:18:34      12    4.08    0.00   36.73    0.00    0.00    0.00    0.00    0.00    0.00   59.18
23:18:34      13    5.05    0.00   43.43    0.00    0.00    0.00    0.00    0.00    0.00   51.52
23:18:34      14    4.00    0.00   40.00    0.00    0.00    0.00    0.00    0.00    0.00   56.00
23:18:34      15    7.14    0.00   46.94    0.00    0.00    0.00    0.00    0.00    0.00   45.92
23:18:34      16    6.00    0.00   46.00    0.00    0.00    0.00    0.00    0.00    0.00   48.00
23:18:34      17    6.00    0.00   35.00    0.00    0.00    0.00    0.00    0.00    0.00   59.00
23:18:34      18    6.19    0.00   49.48    0.00    0.00    0.00    0.00    0.00    0.00   44.33
23:18:34      19    6.06    0.00   43.43    0.00    0.00    0.00    0.00    0.00    0.00   50.51

23:18:34     CPU    %usr   %nice    %sys %iowait    %irq   %soft  %steal  %guest  %gnice   %idle
23:18:35     all    7.68    0.00   45.88    0.00    0.00    0.15    0.00    0.00    0.00   46.29
23:18:35       0    8.91    0.00   41.58    0.00    0.00    1.98    0.00    0.00    0.00   47.52
23:18:35       1    4.04    0.00   44.44    0.00    0.00    1.01    0.00    0.00    0.00   50.51
23:18:35       2    6.06    0.00   54.55    0.00    0.00    0.00    0.00    0.00    0.00   39.39
23:18:35       3    9.09    0.00   42.42    0.00    0.00    0.00    0.00    0.00    0.00   48.48
23:18:35       4    9.09    0.00   44.44    0.00    0.00    0.00    0.00    0.00    0.00   46.46
23:18:35       5    5.10    0.00   47.96    0.00    0.00    0.00    0.00    0.00    0.00   46.94
23:18:35       6    5.05    0.00   55.56    0.00    0.00    0.00    0.00    0.00    0.00   39.39
23:18:35       7    7.07    0.00   48.48    0.00    0.00    0.00    0.00    0.00    0.00   44.44
23:18:35       8    9.09    0.00   38.38    0.00    0.00    0.00    0.00    0.00    0.00   52.53
23:18:35       9    6.06    0.00   45.45    0.00    0.00    0.00    0.00    0.00    0.00   48.48
23:18:35      10    9.18    0.00   39.80    0.00    0.00    0.00    0.00    0.00    0.00   51.02
23:18:35      11    6.00    0.00   48.00    0.00    0.00    0.00    0.00    0.00    0.00   46.00
23:18:35      12    9.09    0.00   47.47    0.00    0.00    0.00    0.00    0.00    0.00   43.43
23:18:35      13    6.12    0.00   47.96    0.00    0.00    0.00    0.00    0.00    0.00   45.92
23:18:35      14   11.22    0.00   50.00    0.00    0.00    0.00    0.00    0.00    0.00   38.78
23:18:35      15    8.08    0.00   46.46    0.00    0.00    0.00    0.00    0.00    0.00   45.45
23:18:35      16    7.14    0.00   44.90    0.00    0.00    0.00    0.00    0.00    0.00   47.96
23:18:35      17   11.11    0.00   42.42    0.00    0.00    0.00    0.00    0.00    0.00   46.46
23:18:35      18    9.00    0.00   41.00    0.00    0.00    0.00    0.00    0.00    0.00   50.00
23:18:35      19    7.07    0.00   46.46    0.00    0.00    0.00    0.00    0.00    0.00   46.46

Average:     CPU    %usr   %nice    %sys %iowait    %irq   %soft  %steal  %guest  %gnice   %idle
Average:     all    5.42    0.00   43.99    0.00    0.00    0.31    0.00    0.00    0.00   50.28
Average:       0    4.93    0.00   41.52    0.00    0.00    2.56    0.00    0.00    0.00   50.99
Average:       1    5.08    0.00   44.57    0.00    0.00    1.40    0.00    0.00    0.00   48.95
Average:       2    5.01    0.00   45.79    0.00    0.00    0.80    0.00    0.00    0.00   48.40
Average:       3    5.72    0.00   43.17    0.00    0.00    0.40    0.00    0.00    0.00   50.70
Average:       4    5.25    0.00   42.48    0.00    0.00    0.20    0.00    0.00    0.00   52.07
Average:       5    5.35    0.00   43.19    0.00    0.00    0.10    0.00    0.00    0.00   51.36
Average:       6    5.44    0.00   47.78    0.00    0.00    0.10    0.00    0.00    0.00   46.67
Average:       7    5.64    0.00   44.21    0.00    0.00    0.10    0.00    0.00    0.00   50.05
Average:       8    5.85    0.00   43.55    0.00    0.00    0.10    0.00    0.00    0.00   50.50
Average:       9    5.24    0.00   46.27    0.00    0.00    0.00    0.00    0.00    0.00   48.49
Average:      10    4.94    0.00   40.77    0.00    0.00    0.00    0.00    0.00    0.00   54.29
Average:      11    5.04    0.00   44.46    0.00    0.00    0.10    0.00    0.00    0.00   50.40
Average:      12    5.45    0.00   43.64    0.00    0.00    0.10    0.00    0.00    0.00   50.81
Average:      13    4.85    0.00   42.83    0.00    0.00    0.00    0.00    0.00    0.00   52.32
Average:      14    5.96    0.00   46.77    0.00    0.00    0.00    0.00    0.00    0.00   47.27
Average:      15    6.16    0.00   45.21    0.00    0.00    0.00    0.00    0.00    0.00   48.64
Average:      16    5.45    0.00   45.11    0.00    0.00    0.00    0.00    0.00    0.00   49.45
Average:      17    5.65    0.00   41.43    0.00    0.00    0.00    0.00    0.00    0.00   52.92
Average:      18    5.65    0.00   43.09    0.00    0.00    0.00    0.00    0.00    0.00   51.26
Average:      19    5.76    0.00   44.08    0.00    0.00    0.10    0.00    0.00    0.00   50.05
