Linux 6.8.0-138-generic (snapshots-gpu-mi300x1-192gb-devcloud-atl1) 	10/06/26 	_x86_64_	(20 CPU)

18:20:36     CPU    %usr   %nice    %sys %iowait    %irq   %soft  %steal  %guest  %gnice   %idle
18:20:37     all    5.79    0.00   81.42    0.00    0.00    0.00    0.00    0.00    0.00   12.79
18:20:37       0    0.00    0.00   85.00    0.00    0.00    0.00    0.00    0.00    0.00   15.00
18:20:37       1   99.00    0.00    1.00    0.00    0.00    0.00    0.00    0.00    0.00    0.00
18:20:37       2    0.00    0.00   60.00    0.00    0.00    0.00    0.00    0.00    0.00   40.00
18:20:37       3    0.00    0.00  100.00    0.00    0.00    0.00    0.00    0.00    0.00    0.00
18:20:37       4    0.00    0.00   58.42    0.00    0.00    0.00    0.00    0.00    0.00   41.58
18:20:37       5   16.00    0.00   74.00    0.00    0.00    0.00    0.00    0.00    0.00   10.00
18:20:37       6    0.00    0.00  100.00    0.00    0.00    0.00    0.00    0.00    0.00    0.00
18:20:37       7    0.00    0.00   72.00    0.00    0.00    0.00    0.00    0.00    0.00   28.00
18:20:37       8    0.00    0.00   75.00    0.00    0.00    0.00    0.00    0.00    0.00   25.00
18:20:37       9    0.00    0.00  100.00    0.00    0.00    0.00    0.00    0.00    0.00    0.00
18:20:37      10    0.00    0.00  100.00    0.00    0.00    0.00    0.00    0.00    0.00    0.00
18:20:37      11    0.00    0.00   74.00    0.00    0.00    0.00    0.00    0.00    0.00   26.00
18:20:37      12    0.00    0.00  100.00    0.00    0.00    0.00    0.00    0.00    0.00    0.00
18:20:37      13    0.00    0.00   84.00    0.00    0.00    0.00    0.00    0.00    0.00   16.00
18:20:37      14    0.00    0.00   70.00    0.00    0.00    0.00    0.00    0.00    0.00   30.00
18:20:37      15    0.00    0.00   98.00    0.00    0.00    0.00    0.00    0.00    0.00    2.00
18:20:37      16    0.00    0.00   97.00    0.00    0.00    0.00    0.00    0.00    0.00    3.00
18:20:37      17    0.99    0.00   97.03    0.00    0.00    0.00    0.00    0.00    0.00    1.98
18:20:37      18    0.00    0.00   89.00    0.00    0.00    0.00    0.00    0.00    0.00   11.00
18:20:37      19    0.00    0.00   94.00    0.00    0.00    0.00    0.00    0.00    0.00    6.00

18:20:37     CPU    %usr   %nice    %sys %iowait    %irq   %soft  %steal  %guest  %gnice   %idle
18:20:38     all    4.91    0.00   77.19    0.00    0.00    0.00    0.00    0.00    0.00   17.89
18:20:38       0    0.00    0.00   89.00    0.00    0.00    0.00    0.00    0.00    0.00   11.00
18:20:38       1   98.00    0.00    2.00    0.00    0.00    0.00    0.00    0.00    0.00    0.00
18:20:38       2    0.00    0.00   92.00    0.00    0.00    0.00    0.00    0.00    0.00    8.00
18:20:38       3    0.00    0.00   94.00    0.00    0.00    0.00    0.00    0.00    0.00    6.00
18:20:38       4    0.00    0.00   53.54    0.00    0.00    0.00    0.00    0.00    0.00   46.46
18:20:38       5    0.00    0.00   98.99    0.00    0.00    0.00    0.00    0.00    0.00    1.01
18:20:38       6    0.00    0.00   94.00    0.00    0.00    0.00    0.00    0.00    0.00    6.00
18:20:38       7    0.00    0.00   66.00    0.00    0.00    0.00    0.00    0.00    0.00   34.00
18:20:38       8    0.00    0.00   98.00    0.00    0.00    0.00    0.00    0.00    0.00    2.00
18:20:38       9    0.00    0.00   72.00    0.00    0.00    0.00    0.00    0.00    0.00   28.00
18:20:38      10    0.00    0.00   64.00    0.00    0.00    0.00    0.00    0.00    0.00   36.00
18:20:38      11    0.00    0.00   66.67    0.00    0.00    0.00    0.00    0.00    0.00   33.33
18:20:38      12    0.00    0.00   63.64    0.00    0.00    0.00    0.00    0.00    0.00   36.36
18:20:38      13    0.00    0.00   57.58    0.00    0.00    0.00    0.00    0.00    0.00   42.42
18:20:38      14    0.00    0.00   98.00    0.00    0.00    0.00    0.00    0.00    0.00    2.00
18:20:38      15    0.00    0.00   87.00    0.00    0.00    0.00    0.00    0.00    0.00   13.00
18:20:38      16    0.00    0.00   96.00    0.00    0.00    0.00    0.00    0.00    0.00    4.00
18:20:38      17    0.00    0.00   76.00    0.00    0.00    0.00    0.00    0.00    0.00   24.00
18:20:38      18    0.00    0.00   85.00    0.00    0.00    0.00    0.00    0.00    0.00   15.00
18:20:38      19    0.00    0.00   90.00    0.00    0.00    0.00    0.00    0.00    0.00   10.00

18:20:38     CPU    %usr   %nice    %sys %iowait    %irq   %soft  %steal  %guest  %gnice   %idle
18:20:39     all    4.91    0.00   80.21    0.00    0.00    0.00    0.00    0.00    0.00   14.88
18:20:39       0    0.00    0.00  100.00    0.00    0.00    0.00    0.00    0.00    0.00    0.00
18:20:39       1   98.99    0.00    1.01    0.00    0.00    0.00    0.00    0.00    0.00    0.00
18:20:39       2    0.00    0.00  100.00    0.00    0.00    0.00    0.00    0.00    0.00    0.00
18:20:39       3    0.00    0.00   78.79    0.00    0.00    0.00    0.00    0.00    0.00   21.21
18:20:39       4    0.00    0.00   90.00    0.00    0.00    0.00    0.00    0.00    0.00   10.00
18:20:39       5    0.00    0.00   81.00    0.00    0.00    0.00    0.00    0.00    0.00   19.00
18:20:39       6    0.00    0.00   10.10    0.00    0.00    0.00    0.00    0.00    0.00   89.90
18:20:39       7    0.00    0.00   72.00    0.00    0.00    0.00    0.00    0.00    0.00   28.00
18:20:39       8    0.00    0.00  100.00    0.00    0.00    0.00    0.00    0.00    0.00    0.00
18:20:39       9    0.00    0.00   88.00    0.00    0.00    0.00    0.00    0.00    0.00   12.00
18:20:39      10    0.00    0.00   75.76    0.00    0.00    0.00    0.00    0.00    0.00   24.24
18:20:39      11    0.00    0.00   94.00    0.00    0.00    0.00    0.00    0.00    0.00    6.00
18:20:39      12    0.00    0.00  100.00    0.00    0.00    0.00    0.00    0.00    0.00    0.00
18:20:39      13    0.00    0.00   86.14    0.00    0.00    0.00    0.00    0.00    0.00   13.86
18:20:39      14    0.00    0.00  100.00    0.00    0.00    0.00    0.00    0.00    0.00    0.00
18:20:39      15    0.00    0.00  100.00    0.00    0.00    0.00    0.00    0.00    0.00    0.00
18:20:39      16    0.00    0.00  100.00    0.00    0.00    0.00    0.00    0.00    0.00    0.00
18:20:39      17    0.00    0.00   41.41    0.00    0.00    0.00    0.00    0.00    0.00   58.59
18:20:39      18    0.00    0.00   84.00    0.00    0.00    0.00    0.00    0.00    0.00   16.00
18:20:39      19    0.00    0.00  100.00    0.00    0.00    0.00    0.00    0.00    0.00    0.00

18:20:39     CPU    %usr   %nice    %sys %iowait    %irq   %soft  %steal  %guest  %gnice   %idle
18:20:40     all    4.95    0.00   78.62    0.00    0.00    0.00    0.00    0.00    0.00   16.43
18:20:40       0    0.00    0.00   98.00    0.00    0.00    0.00    0.00    0.00    0.00    2.00
18:20:40       1   98.02    0.00    1.98    0.00    0.00    0.00    0.00    0.00    0.00    0.00
18:20:40       2    0.00    0.00   98.00    0.00    0.00    0.00    0.00    0.00    0.00    2.00
18:20:40       3    0.00    0.00   32.00    0.00    0.00    0.00    0.00    0.00    0.00   68.00
18:20:40       4    0.00    0.00   98.00    0.00    0.00    0.00    0.00    0.00    0.00    2.00
18:20:40       5    0.00    0.00   71.00    0.00    0.00    0.00    0.00    0.00    0.00   29.00
18:20:40       6    0.00    0.00   47.47    0.00    0.00    0.00    0.00    0.00    0.00   52.53
18:20:40       7    0.00    0.00   94.00    0.00    0.00    0.00    0.00    0.00    0.00    6.00
18:20:40       8    0.00    0.00   98.00    0.00    0.00    0.00    0.00    0.00    0.00    2.00
18:20:40       9    0.00    0.00   78.00    0.00    0.00    0.00    0.00    0.00    0.00   22.00
18:20:40      10    0.00    0.00   73.27    0.00    0.00    0.00    0.00    0.00    0.00   26.73
18:20:40      11    0.00    0.00   98.00    0.00    0.00    0.00    0.00    0.00    0.00    2.00
18:20:40      12    0.00    0.00   98.00    0.00    0.00    0.00    0.00    0.00    0.00    2.00
18:20:40      13    0.00    0.00   88.00    0.00    0.00    0.00    0.00    0.00    0.00   12.00
18:20:40      14    0.00    0.00   80.00    0.00    0.00    0.00    0.00    0.00    0.00   20.00
18:20:40      15    0.00    0.00   77.00    0.00    0.00    0.00    0.00    0.00    0.00   23.00
18:20:40      16    0.00    0.00   98.00    0.00    0.00    0.00    0.00    0.00    0.00    2.00
18:20:40      17    0.00    0.00   53.47    0.00    0.00    0.00    0.00    0.00    0.00   46.53
18:20:40      18    0.00    0.00   98.00    0.00    0.00    0.00    0.00    0.00    0.00    2.00
18:20:40      19    0.00    0.00   93.00    0.00    0.00    0.00    0.00    0.00    0.00    7.00

18:20:40     CPU    %usr   %nice    %sys %iowait    %irq   %soft  %steal  %guest  %gnice   %idle
18:20:41     all    4.95    0.00   78.99    0.00    0.00    0.00    0.05    0.00    0.00   16.01
18:20:41       0    0.00    0.00   70.00    0.00    0.00    0.00    0.00    0.00    0.00   30.00
18:20:41       1   99.00    0.00    1.00    0.00    0.00    0.00    0.00    0.00    0.00    0.00
18:20:41       2    0.00    0.00   98.00    0.00    0.00    0.00    0.00    0.00    0.00    2.00
18:20:41       3    0.00    0.00   41.00    0.00    0.00    0.00    0.00    0.00    0.00   59.00
18:20:41       4    0.00    0.00  100.00    0.00    0.00    0.00    0.00    0.00    0.00    0.00
18:20:41       5    0.00    0.00   76.00    0.00    0.00    0.00    0.00    0.00    0.00   24.00
18:20:41       6    0.00    0.00   80.00    0.00    0.00    0.00    0.00    0.00    0.00   20.00
18:20:41       7    0.00    0.00   90.00    0.00    0.00    0.00    0.00    0.00    0.00   10.00
18:20:41       8    0.00    0.00   50.00    0.00    0.00    0.00    0.00    0.00    0.00   50.00
18:20:41       9    0.00    0.00   97.03    0.00    0.00    0.00    0.00    0.00    0.00    2.97
18:20:41      10    0.00    0.00   96.00    0.00    0.00    0.00    0.00    0.00    0.00    4.00
18:20:41      11    0.00    0.00   98.00    0.00    0.00    0.00    0.00    0.00    0.00    2.00
18:20:41      12    0.00    0.00   66.00    0.00    0.00    0.00    0.00    0.00    0.00   34.00
18:20:41      13    0.00    0.00   73.74    0.00    0.00    0.00    0.00    0.00    0.00   26.26
18:20:41      14    0.00    0.00  100.00    0.00    0.00    0.00    0.00    0.00    0.00    0.00
18:20:41      15    0.00    0.00   97.98    0.00    0.00    0.00    0.00    0.00    0.00    2.02
18:20:41      16    0.00    0.00   96.00    0.00    0.00    0.00    0.00    0.00    0.00    4.00
18:20:41      17    0.00    0.00   82.83    0.00    0.00    0.00    0.00    0.00    0.00   17.17
18:20:41      18    0.00    0.00   86.00    0.00    0.00    0.00    0.00    0.00    0.00   14.00
18:20:41      19    0.00    0.00   80.20    0.00    0.00    0.00    0.99    0.00    0.00   18.81

Average:     CPU    %usr   %nice    %sys %iowait    %irq   %soft  %steal  %guest  %gnice   %idle
Average:     all    5.10    0.00   79.29    0.00    0.00    0.00    0.01    0.00    0.00   15.60
Average:       0    0.00    0.00   88.40    0.00    0.00    0.00    0.00    0.00    0.00   11.60
Average:       1   98.60    0.00    1.40    0.00    0.00    0.00    0.00    0.00    0.00    0.00
Average:       2    0.00    0.00   89.60    0.00    0.00    0.00    0.00    0.00    0.00   10.40
Average:       3    0.00    0.00   69.14    0.00    0.00    0.00    0.00    0.00    0.00   30.86
Average:       4    0.00    0.00   80.00    0.00    0.00    0.00    0.00    0.00    0.00   20.00
Average:       5    3.21    0.00   80.16    0.00    0.00    0.00    0.00    0.00    0.00   16.63
Average:       6    0.00    0.00   66.47    0.00    0.00    0.00    0.00    0.00    0.00   33.53
Average:       7    0.00    0.00   78.80    0.00    0.00    0.00    0.00    0.00    0.00   21.20
Average:       8    0.00    0.00   84.20    0.00    0.00    0.00    0.00    0.00    0.00   15.80
Average:       9    0.00    0.00   87.03    0.00    0.00    0.00    0.00    0.00    0.00   12.97
Average:      10    0.00    0.00   81.80    0.00    0.00    0.00    0.00    0.00    0.00   18.20
Average:      11    0.00    0.00   86.17    0.00    0.00    0.00    0.00    0.00    0.00   13.83
Average:      12    0.00    0.00   85.57    0.00    0.00    0.00    0.00    0.00    0.00   14.43
Average:      13    0.00    0.00   77.96    0.00    0.00    0.00    0.00    0.00    0.00   22.04
Average:      14    0.00    0.00   89.60    0.00    0.00    0.00    0.00    0.00    0.00   10.40
Average:      15    0.00    0.00   91.98    0.00    0.00    0.00    0.00    0.00    0.00    8.02
Average:      16    0.00    0.00   97.40    0.00    0.00    0.00    0.00    0.00    0.00    2.60
Average:      17    0.20    0.00   70.20    0.00    0.00    0.00    0.00    0.00    0.00   29.60
Average:      18    0.00    0.00   88.40    0.00    0.00    0.00    0.00    0.00    0.00   11.60
Average:      19    0.00    0.00   91.42    0.00    0.00    0.00    0.20    0.00    0.00    8.38
