Linux 6.8.0-138-generic (snapshots-gpu-mi300x1-192gb-devcloud-atl1) 	10/06/26 	_x86_64_	(20 CPU)

21:25:00     CPU    %usr   %nice    %sys %iowait    %irq   %soft  %steal  %guest  %gnice   %idle
21:25:01     all    4.96    0.00   49.32    0.00    0.00    0.55    0.00    0.00    0.00   45.17
21:25:01       0    8.00    0.00   54.00    0.00    0.00    2.00    0.00    0.00    0.00   36.00
21:25:01       1    3.88    0.00   47.57    0.00    0.00    3.88    0.00    0.00    0.00   44.66
21:25:01       2    3.96    0.00   49.50    0.00    0.00    1.98    0.00    0.00    0.00   44.55
21:25:01       3    2.97    0.00   53.47    0.00    0.00    0.99    0.00    0.00    0.00   42.57
21:25:01       4    4.00    0.00   53.00    0.00    0.00    0.00    0.00    0.00    0.00   43.00
21:25:01       5    4.95    0.00   48.51    0.00    0.00    0.99    0.00    0.00    0.00   45.54
21:25:01       6    5.94    0.00   52.48    0.00    0.00    0.00    0.00    0.00    0.00   41.58
21:25:01       7    4.08    0.00   46.94    0.00    0.00    0.00    0.00    0.00    0.00   48.98
21:25:01       8    7.07    0.00   40.40    0.00    0.00    0.00    0.00    0.00    0.00   52.53
21:25:01       9    4.04    0.00   53.54    0.00    0.00    0.00    0.00    0.00    0.00   42.42
21:25:01      10    2.02    0.00   38.38    0.00    0.00    0.00    0.00    0.00    0.00   59.60
21:25:01      11    2.94    0.00   44.12    0.00    0.00    0.98    0.00    0.00    0.00   51.96
21:25:01      12    4.04    0.00   44.44    0.00    0.00    0.00    0.00    0.00    0.00   51.52
21:25:01      13    3.03    0.00   47.47    0.00    0.00    0.00    0.00    0.00    0.00   49.49
21:25:01      14   15.00    0.00   52.00    0.00    0.00    0.00    0.00    0.00    0.00   33.00
21:25:01      15    3.06    0.00   56.12    0.00    0.00    0.00    0.00    0.00    0.00   40.82
21:25:01      16    4.95    0.00   49.50    0.00    0.00    0.00    0.00    0.00    0.00   45.54
21:25:01      17    8.08    0.00   56.57    0.00    0.00    0.00    0.00    0.00    0.00   35.35
21:25:01      18    3.03    0.00   51.52    0.00    0.00    0.00    0.00    0.00    0.00   45.45
21:25:01      19    4.08    0.00   46.94    0.00    0.00    0.00    0.00    0.00    0.00   48.98

21:25:01     CPU    %usr   %nice    %sys %iowait    %irq   %soft  %steal  %guest  %gnice   %idle
21:25:02     all    4.62    0.00   46.36    0.00    0.00    0.65    0.00    0.00    0.00   48.37
21:25:02       0    5.77    0.00   44.23    0.00    0.00    4.81    0.00    0.00    0.00   45.19
21:25:02       1    3.96    0.00   47.52    0.00    0.00    1.98    0.00    0.00    0.00   46.53
21:25:02       2    4.95    0.00   44.55    0.00    0.00    0.99    0.00    0.00    0.00   49.50
21:25:02       3    4.04    0.00   55.56    0.00    0.00    1.01    0.00    0.00    0.00   39.39
21:25:02       4    3.03    0.00   42.42    0.00    0.00    1.01    0.00    0.00    0.00   53.54
21:25:02       5    6.06    0.00   55.56    0.00    0.00    1.01    0.00    0.00    0.00   37.37
21:25:02       6    4.00    0.00   48.00    0.00    0.00    1.00    0.00    0.00    0.00   47.00
21:25:02       7    4.04    0.00   45.45    0.00    0.00    0.00    0.00    0.00    0.00   50.51
21:25:02       8    6.93    0.00   49.50    0.00    0.00    0.99    0.00    0.00    0.00   42.57
21:25:02       9    4.08    0.00   44.90    0.00    0.00    0.00    0.00    0.00    0.00   51.02
21:25:02      10    5.05    0.00   51.52    0.00    0.00    0.00    0.00    0.00    0.00   43.43
21:25:02      11    9.09    0.00   45.45    0.00    0.00    0.00    0.00    0.00    0.00   45.45
21:25:02      12    3.06    0.00   52.04    0.00    0.00    0.00    0.00    0.00    0.00   44.90
21:25:02      13    3.06    0.00   43.88    0.00    0.00    0.00    0.00    0.00    0.00   53.06
21:25:02      14    3.03    0.00   37.37    0.00    0.00    0.00    0.00    0.00    0.00   59.60
21:25:02      15    6.00    0.00   44.00    0.00    0.00    0.00    0.00    0.00    0.00   50.00
21:25:02      16    4.08    0.00   45.92    0.00    0.00    0.00    0.00    0.00    0.00   50.00
21:25:02      17    5.00    0.00   55.00    0.00    0.00    0.00    0.00    0.00    0.00   40.00
21:25:02      18    5.05    0.00   42.42    0.00    0.00    0.00    0.00    0.00    0.00   52.53
21:25:02      19    2.00    0.00   32.00    0.00    0.00    0.00    0.00    0.00    0.00   66.00

21:25:02     CPU    %usr   %nice    %sys %iowait    %irq   %soft  %steal  %guest  %gnice   %idle
21:25:03     all    4.65    0.00   47.25    0.00    0.00    0.60    0.00    0.00    0.00   47.50
21:25:03       0    3.77    0.00   33.96    0.00    0.00    5.66    0.00    0.00    0.00   56.60
21:25:03       1    5.00    0.00   47.00    0.00    0.00    2.00    0.00    0.00    0.00   46.00
21:25:03       2    5.00    0.00   47.00    0.00    0.00    1.00    0.00    0.00    0.00   47.00
21:25:03       3    4.95    0.00   44.55    0.00    0.00    0.99    0.00    0.00    0.00   49.50
21:25:03       4    3.00    0.00   45.00    0.00    0.00    1.00    0.00    0.00    0.00   51.00
21:25:03       5    5.00    0.00   55.00    0.00    0.00    0.00    0.00    0.00    0.00   40.00
21:25:03       6    6.06    0.00   48.48    0.00    0.00    0.00    0.00    0.00    0.00   45.45
21:25:03       7    3.03    0.00   46.46    0.00    0.00    0.00    0.00    0.00    0.00   50.51
21:25:03       8    6.06    0.00   51.52    0.00    0.00    0.00    0.00    0.00    0.00   42.42
21:25:03       9    5.88    0.00   44.12    0.00    0.00    0.98    0.00    0.00    0.00   49.02
21:25:03      10    5.94    0.00   52.48    0.00    0.00    0.00    0.00    0.00    0.00   41.58
21:25:03      11    2.02    0.00   34.34    0.00    0.00    0.00    0.00    0.00    0.00   63.64
21:25:03      12    4.00    0.00   49.00    0.00    0.00    0.00    0.00    0.00    0.00   47.00
21:25:03      13    3.06    0.00   46.94    0.00    0.00    0.00    0.00    0.00    0.00   50.00
21:25:03      14    9.00    0.00   49.00    0.00    0.00    0.00    0.00    0.00    0.00   42.00
21:25:03      15    4.08    0.00   54.08    0.00    0.00    0.00    0.00    0.00    0.00   41.84
21:25:03      16    3.03    0.00   51.52    0.00    0.00    0.00    0.00    0.00    0.00   45.45
21:25:03      17    5.00    0.00   52.00    0.00    0.00    0.00    0.00    0.00    0.00   43.00
21:25:03      18    5.10    0.00   47.96    0.00    0.00    0.00    0.00    0.00    0.00   46.94
21:25:03      19    4.04    0.00   45.45    0.00    0.00    0.00    0.00    0.00    0.00   50.51

21:25:03     CPU    %usr   %nice    %sys %iowait    %irq   %soft  %steal  %guest  %gnice   %idle
21:25:04     all    4.34    0.00   48.26    0.00    0.00    0.56    0.00    0.00    0.00   46.85
21:25:04       0    3.88    0.00   48.54    0.00    0.00    4.85    0.00    0.00    0.00   42.72
21:25:04       1    3.96    0.00   52.48    0.00    0.00    1.98    0.00    0.00    0.00   41.58
21:25:04       2    4.04    0.00   44.44    0.00    0.00    1.01    0.00    0.00    0.00   50.51
21:25:04       3   10.10    0.00   50.51    0.00    0.00    0.00    0.00    0.00    0.00   39.39
21:25:04       4    3.00    0.00   46.00    0.00    0.00    1.00    0.00    0.00    0.00   50.00
21:25:04       5    4.08    0.00   41.84    0.00    0.00    1.02    0.00    0.00    0.00   53.06
21:25:04       6    5.10    0.00   55.10    0.00    0.00    0.00    0.00    0.00    0.00   39.80
21:25:04       7    1.02    0.00   38.78    0.00    0.00    0.00    0.00    0.00    0.00   60.20
21:25:04       8    4.00    0.00   47.00    0.00    0.00    0.00    0.00    0.00    0.00   49.00
21:25:04       9    7.14    0.00   51.02    0.00    0.00    0.00    0.00    0.00    0.00   41.84
21:25:04      10    2.06    0.00   41.24    0.00    0.00    0.00    0.00    0.00    0.00   56.70
21:25:04      11    5.05    0.00   42.42    0.00    0.00    0.00    0.00    0.00    0.00   52.53
21:25:04      12    4.04    0.00   47.47    0.00    0.00    1.01    0.00    0.00    0.00   47.47
21:25:04      13    4.00    0.00   54.00    0.00    0.00    0.00    0.00    0.00    0.00   42.00
21:25:04      14    4.08    0.00   50.00    0.00    0.00    0.00    0.00    0.00    0.00   45.92
21:25:04      15    5.00    0.00   49.00    0.00    0.00    0.00    0.00    0.00    0.00   46.00
21:25:04      16    4.04    0.00   49.49    0.00    0.00    0.00    0.00    0.00    0.00   46.46
21:25:04      17    3.09    0.00   54.64    0.00    0.00    0.00    0.00    0.00    0.00   42.27
21:25:04      18    3.00    0.00   49.00    0.00    0.00    0.00    0.00    0.00    0.00   48.00
21:25:04      19    6.12    0.00   52.04    0.00    0.00    0.00    0.00    0.00    0.00   41.84

21:25:04     CPU    %usr   %nice    %sys %iowait    %irq   %soft  %steal  %guest  %gnice   %idle
21:25:05     all    4.60    0.00   47.98    0.00    0.00    0.45    0.00    0.00    0.00   46.97
21:25:05       0    5.83    0.00   38.83    0.00    0.00    4.85    0.00    0.00    0.00   50.49
21:25:05       1    4.04    0.00   41.41    0.00    0.00    1.01    0.00    0.00    0.00   53.54
21:25:05       2    3.00    0.00   49.00    0.00    0.00    1.00    0.00    0.00    0.00   47.00
21:25:05       3    7.07    0.00   49.49    0.00    0.00    1.01    0.00    0.00    0.00   42.42
21:25:05       4    3.06    0.00   53.06    0.00    0.00    0.00    0.00    0.00    0.00   43.88
21:25:05       5    3.06    0.00   44.90    0.00    0.00    0.00    0.00    0.00    0.00   52.04
21:25:05       6    5.10    0.00   60.20    0.00    0.00    0.00    0.00    0.00    0.00   34.69
21:25:05       7    3.96    0.00   48.51    0.00    0.00    0.99    0.00    0.00    0.00   46.53
21:25:05       8    4.08    0.00   51.02    0.00    0.00    0.00    0.00    0.00    0.00   44.90
21:25:05       9    5.00    0.00   56.00    0.00    0.00    0.00    0.00    0.00    0.00   39.00
21:25:05      10    5.00    0.00   52.00    0.00    0.00    0.00    0.00    0.00    0.00   43.00
21:25:05      11    5.05    0.00   46.46    0.00    0.00    0.00    0.00    0.00    0.00   48.48
21:25:05      12    3.06    0.00   41.84    0.00    0.00    0.00    0.00    0.00    0.00   55.10
21:25:05      13    6.12    0.00   41.84    0.00    0.00    0.00    0.00    0.00    0.00   52.04
21:25:05      14    6.06    0.00   47.47    0.00    0.00    0.00    0.00    0.00    0.00   46.46
21:25:05      15    5.15    0.00   51.55    0.00    0.00    0.00    0.00    0.00    0.00   43.30
21:25:05      16    4.04    0.00   44.44    0.00    0.00    0.00    0.00    0.00    0.00   51.52
21:25:05      17    4.00    0.00   48.00    0.00    0.00    0.00    0.00    0.00    0.00   48.00
21:25:05      18    5.10    0.00   47.96    0.00    0.00    0.00    0.00    0.00    0.00   46.94
21:25:05      19    4.08    0.00   45.92    0.00    0.00    0.00    0.00    0.00    0.00   50.00

21:25:05     CPU    %usr   %nice    %sys %iowait    %irq   %soft  %steal  %guest  %gnice   %idle
21:25:06     all    4.40    0.00   46.74    0.00    0.00    0.35    0.05    0.00    0.00   48.46
21:25:06       0    3.00    0.00   46.00    0.00    0.00    2.00    0.00    0.00    0.00   49.00
21:25:06       1    5.88    0.00   50.98    0.00    0.00    1.96    0.98    0.00    0.00   40.20
21:25:06       2    5.05    0.00   50.51    0.00    0.00    1.01    0.00    0.00    0.00   43.43
21:25:06       3    4.04    0.00   44.44    0.00    0.00    0.00    0.00    0.00    0.00   51.52
21:25:06       4    5.00    0.00   46.00    0.00    0.00    1.00    0.00    0.00    0.00   48.00
21:25:06       5    3.00    0.00   47.00    0.00    0.00    1.00    0.00    0.00    0.00   49.00
21:25:06       6    4.04    0.00   40.40    0.00    0.00    0.00    0.00    0.00    0.00   55.56
21:25:06       7    3.03    0.00   49.49    0.00    0.00    0.00    0.00    0.00    0.00   47.47
21:25:06       8    3.06    0.00   43.88    0.00    0.00    0.00    0.00    0.00    0.00   53.06
21:25:06       9    4.08    0.00   36.73    0.00    0.00    0.00    0.00    0.00    0.00   59.18
21:25:06      10    9.18    0.00   43.88    0.00    0.00    0.00    0.00    0.00    0.00   46.94
21:25:06      11    3.06    0.00   47.96    0.00    0.00    0.00    0.00    0.00    0.00   48.98
21:25:06      12    8.08    0.00   53.54    0.00    0.00    0.00    0.00    0.00    0.00   38.38
21:25:06      13    3.03    0.00   48.48    0.00    0.00    0.00    0.00    0.00    0.00   48.48
21:25:06      14    3.06    0.00   45.92    0.00    0.00    0.00    0.00    0.00    0.00   51.02
21:25:06      15    6.06    0.00   52.53    0.00    0.00    0.00    0.00    0.00    0.00   41.41
21:25:06      16    3.06    0.00   43.88    0.00    0.00    0.00    0.00    0.00    0.00   53.06
21:25:06      17    3.03    0.00   46.46    0.00    0.00    0.00    0.00    0.00    0.00   50.51
21:25:06      18    5.05    0.00   46.46    0.00    0.00    0.00    0.00    0.00    0.00   48.48
21:25:06      19    4.08    0.00   50.00    0.00    0.00    0.00    0.00    0.00    0.00   45.92

21:25:06     CPU    %usr   %nice    %sys %iowait    %irq   %soft  %steal  %guest  %gnice   %idle
21:25:07     all    4.54    0.00   48.59    0.00    0.00    0.40    0.00    0.00    0.00   46.47
21:25:07       0    2.97    0.00   49.50    0.00    0.00    2.97    0.00    0.00    0.00   44.55
21:25:07       1    2.97    0.00   39.60    0.00    0.00    1.98    0.00    0.00    0.00   55.45
21:25:07       2    4.95    0.00   55.45    0.00    0.00    0.99    0.00    0.00    0.00   38.61
21:25:07       3    4.04    0.00   48.48    0.00    0.00    1.01    0.00    0.00    0.00   46.46
21:25:07       4    4.08    0.00   51.02    0.00    0.00    0.00    0.00    0.00    0.00   44.90
21:25:07       5    4.00    0.00   46.00    0.00    0.00    0.00    0.00    0.00    0.00   50.00
21:25:07       6    7.00    0.00   38.00    0.00    0.00    0.00    0.00    0.00    0.00   55.00
21:25:07       7    3.03    0.00   50.51    0.00    0.00    0.00    0.00    0.00    0.00   46.46
21:25:07       8    5.10    0.00   52.04    0.00    0.00    0.00    0.00    0.00    0.00   42.86
21:25:07       9    3.06    0.00   47.96    0.00    0.00    0.00    0.00    0.00    0.00   48.98
21:25:07      10    5.00    0.00   52.00    0.00    0.00    0.00    0.00    0.00    0.00   43.00
21:25:07      11    7.14    0.00   46.94    0.00    0.00    0.00    0.00    0.00    0.00   45.92
21:25:07      12    6.06    0.00   49.49    0.00    0.00    0.00    0.00    0.00    0.00   44.44
21:25:07      13    4.04    0.00   54.55    0.00    0.00    0.00    0.00    0.00    0.00   41.41
21:25:07      14    4.04    0.00   42.42    0.00    0.00    0.00    0.00    0.00    0.00   53.54
21:25:07      15    3.03    0.00   42.42    0.00    0.00    0.00    0.00    0.00    0.00   54.55
21:25:07      16    4.04    0.00   49.49    0.00    0.00    0.00    0.00    0.00    0.00   46.46
21:25:07      17    5.05    0.00   51.52    0.00    0.00    1.01    0.00    0.00    0.00   42.42
21:25:07      18    6.12    0.00   52.04    0.00    0.00    0.00    0.00    0.00    0.00   41.84
21:25:07      19    5.05    0.00   52.53    0.00    0.00    0.00    0.00    0.00    0.00   42.42

21:25:07     CPU    %usr   %nice    %sys %iowait    %irq   %soft  %steal  %guest  %gnice   %idle
21:25:08     all    4.58    0.00   46.73    0.00    0.00    0.60    0.00    0.00    0.00   48.09
21:25:08       0    3.81    0.00   47.62    0.00    0.00    5.71    0.00    0.00    0.00   42.86
21:25:08       1    3.92    0.00   42.16    0.00    0.00    2.94    0.00    0.00    0.00   50.98
21:25:08       2    3.06    0.00   38.78    0.00    0.00    1.02    0.00    0.00    0.00   57.14
21:25:08       3    5.94    0.00   45.54    0.00    0.00    0.99    0.00    0.00    0.00   47.52
21:25:08       4    3.00    0.00   46.00    0.00    0.00    1.00    0.00    0.00    0.00   50.00
21:25:08       5    3.06    0.00   50.00    0.00    0.00    0.00    0.00    0.00    0.00   46.94
21:25:08       6    3.09    0.00   48.45    0.00    0.00    0.00    0.00    0.00    0.00   48.45
21:25:08       7    6.12    0.00   48.98    0.00    0.00    0.00    0.00    0.00    0.00   44.90
21:25:08       8    5.05    0.00   47.47    0.00    0.00    0.00    0.00    0.00    0.00   47.47
21:25:08       9    5.05    0.00   50.51    0.00    0.00    0.00    0.00    0.00    0.00   44.44
21:25:08      10    5.10    0.00   48.98    0.00    0.00    0.00    0.00    0.00    0.00   45.92
21:25:08      11    7.07    0.00   49.49    0.00    0.00    0.00    0.00    0.00    0.00   43.43
21:25:08      12    3.00    0.00   37.00    0.00    0.00    0.00    0.00    0.00    0.00   60.00
21:25:08      13    2.02    0.00   41.41    0.00    0.00    0.00    0.00    0.00    0.00   56.57
21:25:08      14   10.10    0.00   48.48    0.00    0.00    0.00    0.00    0.00    0.00   41.41
21:25:08      15    3.00    0.00   46.00    0.00    0.00    0.00    0.00    0.00    0.00   51.00
21:25:08      16    6.12    0.00   53.06    0.00    0.00    0.00    0.00    0.00    0.00   40.82
21:25:08      17    3.03    0.00   48.48    0.00    0.00    0.00    0.00    0.00    0.00   48.48
21:25:08      18    6.06    0.00   51.52    0.00    0.00    0.00    0.00    0.00    0.00   42.42
21:25:08      19    4.08    0.00   44.90    0.00    0.00    0.00    0.00    0.00    0.00   51.02

21:25:08     CPU    %usr   %nice    %sys %iowait    %irq   %soft  %steal  %guest  %gnice   %idle
21:25:09     all    4.35    0.00   48.11    0.00    0.00    0.30    0.00    0.00    0.00   47.25
21:25:09       0    2.94    0.00   50.00    0.00    0.00    2.94    0.00    0.00    0.00   44.12
21:25:09       1    4.08    0.00   48.98    0.00    0.00    1.02    0.00    0.00    0.00   45.92
21:25:09       2    4.00    0.00   39.00    0.00    0.00    1.00    0.00    0.00    0.00   56.00
21:25:09       3    2.00    0.00   42.00    0.00    0.00    1.00    0.00    0.00    0.00   55.00
21:25:09       4    6.12    0.00   47.96    0.00    0.00    0.00    0.00    0.00    0.00   45.92
21:25:09       5    4.08    0.00   43.88    0.00    0.00    0.00    0.00    0.00    0.00   52.04
21:25:09       6    6.00    0.00   54.00    0.00    0.00    0.00    0.00    0.00    0.00   40.00
21:25:09       7    5.10    0.00   52.04    0.00    0.00    0.00    0.00    0.00    0.00   42.86
21:25:09       8    3.06    0.00   50.00    0.00    0.00    0.00    0.00    0.00    0.00   46.94
21:25:09       9    3.09    0.00   55.67    0.00    0.00    0.00    0.00    0.00    0.00   41.24
21:25:09      10    2.97    0.00   44.55    0.00    0.00    0.00    0.00    0.00    0.00   52.48
21:25:09      11    5.05    0.00   58.59    0.00    0.00    0.00    0.00    0.00    0.00   36.36
21:25:09      12    2.02    0.00   41.41    0.00    0.00    0.00    0.00    0.00    0.00   56.57
21:25:09      13    6.06    0.00   52.53    0.00    0.00    0.00    0.00    0.00    0.00   41.41
21:25:09      14    6.06    0.00   53.54    0.00    0.00    0.00    0.00    0.00    0.00   40.40
21:25:09      15    4.08    0.00   41.84    0.00    0.00    0.00    0.00    0.00    0.00   54.08
21:25:09      16    5.05    0.00   47.47    0.00    0.00    0.00    0.00    0.00    0.00   47.47
21:25:09      17    4.12    0.00   51.55    0.00    0.00    0.00    0.00    0.00    0.00   44.33
21:25:09      18    7.00    0.00   48.00    0.00    0.00    0.00    0.00    0.00    0.00   45.00
21:25:09      19    4.04    0.00   39.39    0.00    0.00    0.00    0.00    0.00    0.00   56.57

21:25:09     CPU    %usr   %nice    %sys %iowait    %irq   %soft  %steal  %guest  %gnice   %idle
21:25:10     all    4.62    0.00   46.63    0.00    0.00    0.50    0.00    0.00    0.00   48.24
21:25:10       0    7.84    0.00   47.06    0.00    0.00    3.92    0.00    0.00    0.00   41.18
21:25:10       1    5.83    0.00   42.72    0.00    0.00    2.91    0.00    0.00    0.00   48.54
21:25:10       2    3.96    0.00   45.54    0.00    0.00    0.99    0.00    0.00    0.00   49.50
21:25:10       3    3.03    0.00   50.51    0.00    0.00    0.00    0.00    0.00    0.00   46.46
21:25:10       4    4.95    0.00   43.56    0.00    0.00    0.99    0.00    0.00    0.00   50.50
21:25:10       5    5.10    0.00   44.90    0.00    0.00    0.00    0.00    0.00    0.00   50.00
21:25:10       6    3.00    0.00   53.00    0.00    0.00    1.00    0.00    0.00    0.00   43.00
21:25:10       7   12.12    0.00   51.52    0.00    0.00    0.00    0.00    0.00    0.00   36.36
21:25:10       8    4.04    0.00   41.41    0.00    0.00    0.00    0.00    0.00    0.00   54.55
21:25:10       9    3.03    0.00   44.44    0.00    0.00    0.00    0.00    0.00    0.00   52.53
21:25:10      10    2.04    0.00   35.71    0.00    0.00    0.00    0.00    0.00    0.00   62.24
21:25:10      11    4.08    0.00   52.04    0.00    0.00    0.00    0.00    0.00    0.00   43.88
21:25:10      12    4.04    0.00   44.44    0.00    0.00    0.00    0.00    0.00    0.00   51.52
21:25:10      13    4.04    0.00   44.44    0.00    0.00    0.00    0.00    0.00    0.00   51.52
21:25:10      14    4.04    0.00   47.47    0.00    0.00    0.00    0.00    0.00    0.00   48.48
21:25:10      15    6.06    0.00   49.49    0.00    0.00    0.00    0.00    0.00    0.00   44.44
21:25:10      16    4.04    0.00   49.49    0.00    0.00    0.00    0.00    0.00    0.00   46.46
21:25:10      17    4.00    0.00   49.00    0.00    0.00    0.00    0.00    0.00    0.00   47.00
21:25:10      18    5.05    0.00   51.52    0.00    0.00    0.00    0.00    0.00    0.00   43.43
21:25:10      19    2.02    0.00   44.44    0.00    0.00    0.00    0.00    0.00    0.00   53.54

Average:     CPU    %usr   %nice    %sys %iowait    %irq   %soft  %steal  %guest  %gnice   %idle
Average:     all    4.57    0.00   47.60    0.00    0.00    0.50    0.01    0.00    0.00   47.33
Average:       0    4.78    0.00   45.91    0.00    0.00    4.00    0.00    0.00    0.00   45.32
Average:       1    4.36    0.00   46.04    0.00    0.00    2.18    0.10    0.00    0.00   47.33
Average:       2    4.20    0.00   46.40    0.00    0.00    1.10    0.00    0.00    0.00   48.30
Average:       3    4.81    0.00   48.45    0.00    0.00    0.70    0.00    0.00    0.00   46.04
Average:       4    3.92    0.00   47.38    0.00    0.00    0.60    0.00    0.00    0.00   48.09
Average:       5    4.24    0.00   47.78    0.00    0.00    0.40    0.00    0.00    0.00   47.58
Average:       6    4.94    0.00   49.80    0.00    0.00    0.20    0.00    0.00    0.00   45.06
Average:       7    4.55    0.00   47.87    0.00    0.00    0.10    0.00    0.00    0.00   47.47
Average:       8    4.85    0.00   47.42    0.00    0.00    0.10    0.00    0.00    0.00   47.62
Average:       9    4.45    0.00   48.48    0.00    0.00    0.10    0.00    0.00    0.00   46.96
Average:      10    4.44    0.00   46.12    0.00    0.00    0.00    0.00    0.00    0.00   49.45
Average:      11    5.05    0.00   46.77    0.00    0.00    0.10    0.00    0.00    0.00   48.08
Average:      12    4.14    0.00   46.06    0.00    0.00    0.10    0.00    0.00    0.00   49.70
Average:      13    3.85    0.00   47.57    0.00    0.00    0.00    0.00    0.00    0.00   48.58
Average:      14    6.46    0.00   47.37    0.00    0.00    0.00    0.00    0.00    0.00   46.16
Average:      15    4.55    0.00   48.68    0.00    0.00    0.00    0.00    0.00    0.00   46.76
Average:      16    4.25    0.00   48.43    0.00    0.00    0.00    0.00    0.00    0.00   47.32
Average:      17    4.44    0.00   51.31    0.00    0.00    0.10    0.00    0.00    0.00   44.14
Average:      18    5.06    0.00   48.84    0.00    0.00    0.00    0.00    0.00    0.00   46.11
Average:      19    3.96    0.00   45.33    0.00    0.00    0.00    0.00    0.00    0.00   50.71
