Linux 6.8.0-138-generic (snapshots-gpu-mi300x1-192gb-devcloud-atl1) 	10/06/26 	_x86_64_	(20 CPU)

21:24:01     CPU    %usr   %nice    %sys %iowait    %irq   %soft  %steal  %guest  %gnice   %idle
21:24:02     all    3.93    0.00   43.09    0.00    0.00    0.40    0.00    0.00    0.00   52.57
21:24:02       0    3.88    0.00   42.72    0.00    0.00    2.91    0.00    0.00    0.00   50.49
21:24:02       1    3.00    0.00   42.00    0.00    0.00    3.00    0.00    0.00    0.00   52.00
21:24:02       2    3.03    0.00   43.43    0.00    0.00    1.01    0.00    0.00    0.00   52.53
21:24:02       3    5.10    0.00   41.84    0.00    0.00    0.00    0.00    0.00    0.00   53.06
21:24:02       4    5.94    0.00   45.54    0.00    0.00    0.00    0.00    0.00    0.00   48.51
21:24:02       5    3.03    0.00   44.44    0.00    0.00    1.01    0.00    0.00    0.00   51.52
21:24:02       6    3.00    0.00   46.00    0.00    0.00    0.00    0.00    0.00    0.00   51.00
21:24:02       7    5.05    0.00   37.37    0.00    0.00    0.00    0.00    0.00    0.00   57.58
21:24:02       8    5.05    0.00   47.47    0.00    0.00    0.00    0.00    0.00    0.00   47.47
21:24:02       9    3.09    0.00   47.42    0.00    0.00    0.00    0.00    0.00    0.00   49.48
21:24:02      10    3.03    0.00   43.43    0.00    0.00    0.00    0.00    0.00    0.00   53.54
21:24:02      11    4.95    0.00   45.54    0.00    0.00    0.00    0.00    0.00    0.00   49.50
21:24:02      12    4.08    0.00   37.76    0.00    0.00    0.00    0.00    0.00    0.00   58.16
21:24:02      13    5.05    0.00   40.40    0.00    0.00    0.00    0.00    0.00    0.00   54.55
21:24:02      14    2.00    0.00   37.00    0.00    0.00    0.00    0.00    0.00    0.00   61.00
21:24:02      15    3.03    0.00   40.40    0.00    0.00    0.00    0.00    0.00    0.00   56.57
21:24:02      16    5.10    0.00   40.82    0.00    0.00    0.00    0.00    0.00    0.00   54.08
21:24:02      17    3.06    0.00   41.84    0.00    0.00    0.00    0.00    0.00    0.00   55.10
21:24:02      18    5.05    0.00   52.53    0.00    0.00    0.00    0.00    0.00    0.00   42.42
21:24:02      19    3.06    0.00   43.88    0.00    0.00    0.00    0.00    0.00    0.00   53.06

21:24:02     CPU    %usr   %nice    %sys %iowait    %irq   %soft  %steal  %guest  %gnice   %idle
21:24:03     all    4.11    0.00   43.26    0.00    0.00    0.75    0.00    0.00    0.00   51.88
21:24:03       0    4.90    0.00   48.04    0.00    0.00    4.90    0.00    0.00    0.00   42.16
21:24:03       1    3.92    0.00   45.10    0.00    0.00    3.92    0.00    0.00    0.00   47.06
21:24:03       2    4.90    0.00   52.94    0.00    0.00    1.96    0.00    0.00    0.00   40.20
21:24:03       3    5.00    0.00   44.00    0.00    0.00    1.00    0.00    0.00    0.00   50.00
21:24:03       4    2.02    0.00   48.48    0.00    0.00    1.01    0.00    0.00    0.00   48.48
21:24:03       5    2.97    0.00   44.55    0.00    0.00    0.00    0.00    0.00    0.00   52.48
21:24:03       6    2.02    0.00   27.27    0.00    0.00    1.01    0.00    0.00    0.00   69.70
21:24:03       7    5.00    0.00   41.00    0.00    0.00    0.00    0.00    0.00    0.00   54.00
21:24:03       8    3.03    0.00   39.39    0.00    0.00    0.00    0.00    0.00    0.00   57.58
21:24:03       9    4.00    0.00   43.00    0.00    0.00    0.00    0.00    0.00    0.00   53.00
21:24:03      10    4.00    0.00   46.00    0.00    0.00    0.00    0.00    0.00    0.00   50.00
21:24:03      11    4.08    0.00   36.73    0.00    0.00    0.00    0.00    0.00    0.00   59.18
21:24:03      12    6.93    0.00   51.49    0.00    0.00    0.99    0.00    0.00    0.00   40.59
21:24:03      13    6.06    0.00   52.53    0.00    0.00    0.00    0.00    0.00    0.00   41.41
21:24:03      14    4.08    0.00   34.69    0.00    0.00    0.00    0.00    0.00    0.00   61.22
21:24:03      15    3.03    0.00   43.43    0.00    0.00    0.00    0.00    0.00    0.00   53.54
21:24:03      16    5.10    0.00   45.92    0.00    0.00    0.00    0.00    0.00    0.00   48.98
21:24:03      17    4.95    0.00   40.59    0.00    0.00    0.00    0.00    0.00    0.00   54.46
21:24:03      18    3.03    0.00   37.37    0.00    0.00    0.00    0.00    0.00    0.00   59.60
21:24:03      19    3.00    0.00   42.00    0.00    0.00    0.00    0.00    0.00    0.00   55.00

21:24:03     CPU    %usr   %nice    %sys %iowait    %irq   %soft  %steal  %guest  %gnice   %idle
21:24:04     all    3.79    0.00   43.41    0.00    0.00    0.30    0.00    0.00    0.00   52.50
21:24:04       0    1.96    0.00   33.33    0.00    0.00    1.96    0.00    0.00    0.00   62.75
21:24:04       1    5.94    0.00   50.50    0.00    0.00    1.98    0.00    0.00    0.00   41.58
21:24:04       2    2.04    0.00   38.78    0.00    0.00    1.02    0.00    0.00    0.00   58.16
21:24:04       3    2.97    0.00   38.61    0.00    0.00    0.99    0.00    0.00    0.00   57.43
21:24:04       4    5.05    0.00   47.47    0.00    0.00    0.00    0.00    0.00    0.00   47.47
21:24:04       5    4.08    0.00   43.88    0.00    0.00    0.00    0.00    0.00    0.00   52.04
21:24:04       6    3.03    0.00   42.42    0.00    0.00    0.00    0.00    0.00    0.00   54.55
21:24:04       7    5.05    0.00   49.49    0.00    0.00    0.00    0.00    0.00    0.00   45.45
21:24:04       8    3.00    0.00   41.00    0.00    0.00    0.00    0.00    0.00    0.00   56.00
21:24:04       9    3.03    0.00   42.42    0.00    0.00    0.00    0.00    0.00    0.00   54.55
21:24:04      10    4.08    0.00   50.00    0.00    0.00    0.00    0.00    0.00    0.00   45.92
21:24:04      11    7.14    0.00   44.90    0.00    0.00    0.00    0.00    0.00    0.00   47.96
21:24:04      12    4.12    0.00   44.33    0.00    0.00    0.00    0.00    0.00    0.00   51.55
21:24:04      13    3.03    0.00   42.42    0.00    0.00    0.00    0.00    0.00    0.00   54.55
21:24:04      14    3.03    0.00   44.44    0.00    0.00    0.00    0.00    0.00    0.00   52.53
21:24:04      15    3.00    0.00   38.00    0.00    0.00    0.00    0.00    0.00    0.00   59.00
21:24:04      16    4.04    0.00   46.46    0.00    0.00    0.00    0.00    0.00    0.00   49.49
21:24:04      17    3.06    0.00   41.84    0.00    0.00    0.00    0.00    0.00    0.00   55.10
21:24:04      18    4.04    0.00   46.46    0.00    0.00    0.00    0.00    0.00    0.00   49.49
21:24:04      19    4.08    0.00   41.84    0.00    0.00    0.00    0.00    0.00    0.00   54.08

21:24:04     CPU    %usr   %nice    %sys %iowait    %irq   %soft  %steal  %guest  %gnice   %idle
21:24:05     all    4.18    0.00   43.95    0.00    0.00    0.40    0.00    0.00    0.00   51.46
21:24:05       0    2.91    0.00   41.75    0.00    0.00    3.88    0.00    0.00    0.00   51.46
21:24:05       1    4.00    0.00   48.00    0.00    0.00    1.00    0.00    0.00    0.00   47.00
21:24:05       2    6.93    0.00   50.50    0.00    0.00    0.99    0.00    0.00    0.00   41.58
21:24:05       3    6.00    0.00   46.00    0.00    0.00    1.00    0.00    0.00    0.00   47.00
21:24:05       4    5.05    0.00   41.41    0.00    0.00    0.00    0.00    0.00    0.00   53.54
21:24:05       5    3.06    0.00   46.94    0.00    0.00    0.00    0.00    0.00    0.00   50.00
21:24:05       6    2.04    0.00   36.73    0.00    0.00    0.00    0.00    0.00    0.00   61.22
21:24:05       7    2.02    0.00   47.47    0.00    0.00    0.00    0.00    0.00    0.00   50.51
21:24:05       8    5.00    0.00   46.00    0.00    0.00    0.00    0.00    0.00    0.00   49.00
21:24:05       9    4.04    0.00   48.48    0.00    0.00    0.00    0.00    0.00    0.00   47.47
21:24:05      10    4.08    0.00   38.78    0.00    0.00    0.00    0.00    0.00    0.00   57.14
21:24:05      11    7.00    0.00   46.00    0.00    0.00    1.00    0.00    0.00    0.00   46.00
21:24:05      12    3.03    0.00   45.45    0.00    0.00    0.00    0.00    0.00    0.00   51.52
21:24:05      13    3.09    0.00   36.08    0.00    0.00    0.00    0.00    0.00    0.00   60.82
21:24:05      14    4.04    0.00   39.39    0.00    0.00    0.00    0.00    0.00    0.00   56.57
21:24:05      15    4.08    0.00   44.90    0.00    0.00    0.00    0.00    0.00    0.00   51.02
21:24:05      16    7.07    0.00   42.42    0.00    0.00    0.00    0.00    0.00    0.00   50.51
21:24:05      17    3.06    0.00   42.86    0.00    0.00    0.00    0.00    0.00    0.00   54.08
21:24:05      18    3.03    0.00   44.44    0.00    0.00    0.00    0.00    0.00    0.00   52.53
21:24:05      19    4.00    0.00   45.00    0.00    0.00    0.00    0.00    0.00    0.00   51.00

21:24:05     CPU    %usr   %nice    %sys %iowait    %irq   %soft  %steal  %guest  %gnice   %idle
21:24:06     all    3.99    0.00   43.09    0.00    0.00    0.55    0.00    0.00    0.00   52.37
21:24:06       0    3.96    0.00   41.58    0.00    0.00    2.97    0.00    0.00    0.00   51.49
21:24:06       1    4.95    0.00   55.45    0.00    0.00    2.97    0.00    0.00    0.00   36.63
21:24:06       2    2.02    0.00   46.46    0.00    0.00    2.02    0.00    0.00    0.00   49.49
21:24:06       3    3.03    0.00   42.42    0.00    0.00    1.01    0.00    0.00    0.00   53.54
21:24:06       4    5.00    0.00   40.00    0.00    0.00    0.00    0.00    0.00    0.00   55.00
21:24:06       5    2.02    0.00   38.38    0.00    0.00    1.01    0.00    0.00    0.00   58.59
21:24:06       6    4.00    0.00   42.00    0.00    0.00    0.00    0.00    0.00    0.00   54.00
21:24:06       7    3.00    0.00   38.00    0.00    0.00    1.00    0.00    0.00    0.00   58.00
21:24:06       8    5.10    0.00   45.92    0.00    0.00    0.00    0.00    0.00    0.00   48.98
21:24:06       9    4.00    0.00   37.00    0.00    0.00    0.00    0.00    0.00    0.00   59.00
21:24:06      10    5.10    0.00   48.98    0.00    0.00    0.00    0.00    0.00    0.00   45.92
21:24:06      11    6.06    0.00   41.41    0.00    0.00    0.00    0.00    0.00    0.00   52.53
21:24:06      12    3.03    0.00   44.44    0.00    0.00    0.00    0.00    0.00    0.00   52.53
21:24:06      13    5.00    0.00   45.00    0.00    0.00    0.00    0.00    0.00    0.00   50.00
21:24:06      14    3.03    0.00   42.42    0.00    0.00    0.00    0.00    0.00    0.00   54.55
21:24:06      15    4.08    0.00   41.84    0.00    0.00    0.00    0.00    0.00    0.00   54.08
21:24:06      16    4.08    0.00   46.94    0.00    0.00    0.00    0.00    0.00    0.00   48.98
21:24:06      17    4.12    0.00   42.27    0.00    0.00    0.00    0.00    0.00    0.00   53.61
21:24:06      18    4.04    0.00   35.35    0.00    0.00    0.00    0.00    0.00    0.00   60.61
21:24:06      19    4.08    0.00   45.92    0.00    0.00    0.00    0.00    0.00    0.00   50.00

21:24:06     CPU    %usr   %nice    %sys %iowait    %irq   %soft  %steal  %guest  %gnice   %idle
21:24:07     all    3.94    0.00   42.89    0.00    0.00    0.40    0.00    0.00    0.00   52.77
21:24:07       0    3.96    0.00   36.63    0.00    0.00    3.96    0.00    0.00    0.00   55.45
21:24:07       1    3.96    0.00   41.58    0.00    0.00    1.98    0.00    0.00    0.00   52.48
21:24:07       2    3.00    0.00   42.00    0.00    0.00    1.00    0.00    0.00    0.00   54.00
21:24:07       3    4.00    0.00   46.00    0.00    0.00    0.00    0.00    0.00    0.00   50.00
21:24:07       4    5.00    0.00   43.00    0.00    0.00    1.00    0.00    0.00    0.00   51.00
21:24:07       5    5.00    0.00   51.00    0.00    0.00    0.00    0.00    0.00    0.00   44.00
21:24:07       6    5.10    0.00   45.92    0.00    0.00    0.00    0.00    0.00    0.00   48.98
21:24:07       7    5.10    0.00   43.88    0.00    0.00    0.00    0.00    0.00    0.00   51.02
21:24:07       8    5.00    0.00   43.00    0.00    0.00    0.00    0.00    0.00    0.00   52.00
21:24:07       9    2.04    0.00   40.82    0.00    0.00    0.00    0.00    0.00    0.00   57.14
21:24:07      10    5.00    0.00   39.00    0.00    0.00    0.00    0.00    0.00    0.00   56.00
21:24:07      11    3.06    0.00   39.80    0.00    0.00    0.00    0.00    0.00    0.00   57.14
21:24:07      12    4.04    0.00   43.43    0.00    0.00    0.00    0.00    0.00    0.00   52.53
21:24:07      13    3.06    0.00   44.90    0.00    0.00    0.00    0.00    0.00    0.00   52.04
21:24:07      14    3.06    0.00   38.78    0.00    0.00    0.00    0.00    0.00    0.00   58.16
21:24:07      15    3.03    0.00   40.40    0.00    0.00    0.00    0.00    0.00    0.00   56.57
21:24:07      16    4.08    0.00   45.92    0.00    0.00    0.00    0.00    0.00    0.00   50.00
21:24:07      17    4.04    0.00   41.41    0.00    0.00    0.00    0.00    0.00    0.00   54.55
21:24:07      18    4.00    0.00   45.00    0.00    0.00    0.00    0.00    0.00    0.00   51.00
21:24:07      19    3.09    0.00   45.36    0.00    0.00    0.00    0.00    0.00    0.00   51.55

21:24:07     CPU    %usr   %nice    %sys %iowait    %irq   %soft  %steal  %guest  %gnice   %idle
21:24:08     all    3.87    0.00   43.29    0.00    0.00    0.50    0.00    0.00    0.00   52.34
21:24:08       0    3.85    0.00   35.58    0.00    0.00    4.81    0.00    0.00    0.00   55.77
21:24:08       1    4.00    0.00   47.00    0.00    0.00    1.00    0.00    0.00    0.00   48.00
21:24:08       2    4.00    0.00   49.00    0.00    0.00    1.00    0.00    0.00    0.00   46.00
21:24:08       3    4.08    0.00   48.98    0.00    0.00    1.02    0.00    0.00    0.00   45.92
21:24:08       4    4.00    0.00   51.00    0.00    0.00    1.00    0.00    0.00    0.00   44.00
21:24:08       5    2.02    0.00   32.32    0.00    0.00    0.00    0.00    0.00    0.00   65.66
21:24:08       6    4.00    0.00   49.00    0.00    0.00    0.00    0.00    0.00    0.00   47.00
21:24:08       7    3.00    0.00   45.00    0.00    0.00    0.00    0.00    0.00    0.00   52.00
21:24:08       8    2.04    0.00   46.94    0.00    0.00    1.02    0.00    0.00    0.00   50.00
21:24:08       9    3.06    0.00   40.82    0.00    0.00    0.00    0.00    0.00    0.00   56.12
21:24:08      10    4.04    0.00   36.36    0.00    0.00    0.00    0.00    0.00    0.00   59.60
21:24:08      11    5.00    0.00   46.00    0.00    0.00    0.00    0.00    0.00    0.00   49.00
21:24:08      12    5.10    0.00   44.90    0.00    0.00    0.00    0.00    0.00    0.00   50.00
21:24:08      13    7.00    0.00   47.00    0.00    0.00    0.00    0.00    0.00    0.00   46.00
21:24:08      14    4.08    0.00   46.94    0.00    0.00    0.00    0.00    0.00    0.00   48.98
21:24:08      15    3.03    0.00   40.40    0.00    0.00    0.00    0.00    0.00    0.00   56.57
21:24:08      16    2.97    0.00   36.63    0.00    0.00    0.00    0.00    0.00    0.00   60.40
21:24:08      17    4.08    0.00   41.84    0.00    0.00    0.00    0.00    0.00    0.00   54.08
21:24:08      18    4.08    0.00   41.84    0.00    0.00    0.00    0.00    0.00    0.00   54.08
21:24:08      19    3.96    0.00   38.61    0.00    0.00    0.00    0.00    0.00    0.00   57.43

21:24:08     CPU    %usr   %nice    %sys %iowait    %irq   %soft  %steal  %guest  %gnice   %idle
21:24:09     all    4.07    0.00   43.75    0.00    0.00    0.55    0.00    0.00    0.00   51.63
21:24:09       0    3.96    0.00   46.53    0.00    0.00    2.97    0.00    0.00    0.00   46.53
21:24:09       1    3.96    0.00   46.53    0.00    0.00    1.98    0.00    0.00    0.00   47.52
21:24:09       2    4.95    0.00   43.56    0.00    0.00    1.98    0.00    0.00    0.00   49.50
21:24:09       3    2.94    0.00   33.33    0.00    0.00    0.98    0.00    0.00    0.00   62.75
21:24:09       4    5.05    0.00   49.49    0.00    0.00    1.01    0.00    0.00    0.00   44.44
21:24:09       5    4.04    0.00   51.52    0.00    0.00    1.01    0.00    0.00    0.00   43.43
21:24:09       6    3.06    0.00   47.96    0.00    0.00    0.00    0.00    0.00    0.00   48.98
21:24:09       7    4.00    0.00   47.00    0.00    0.00    0.00    0.00    0.00    0.00   49.00
21:24:09       8    4.04    0.00   43.43    0.00    0.00    0.00    0.00    0.00    0.00   52.53
21:24:09       9    2.97    0.00   31.68    0.00    0.00    0.99    0.00    0.00    0.00   64.36
21:24:09      10    6.12    0.00   45.92    0.00    0.00    0.00    0.00    0.00    0.00   47.96
21:24:09      11    3.00    0.00   35.00    0.00    0.00    0.00    0.00    0.00    0.00   62.00
21:24:09      12    3.03    0.00   47.47    0.00    0.00    0.00    0.00    0.00    0.00   49.49
21:24:09      13    5.05    0.00   44.44    0.00    0.00    0.00    0.00    0.00    0.00   50.51
21:24:09      14    4.08    0.00   47.96    0.00    0.00    0.00    0.00    0.00    0.00   47.96
21:24:09      15    3.00    0.00   36.00    0.00    0.00    0.00    0.00    0.00    0.00   61.00
21:24:09      16    3.06    0.00   40.82    0.00    0.00    0.00    0.00    0.00    0.00   56.12
21:24:09      17    4.04    0.00   40.40    0.00    0.00    0.00    0.00    0.00    0.00   55.56
21:24:09      18    6.00    0.00   46.00    0.00    0.00    0.00    0.00    0.00    0.00   48.00
21:24:09      19    5.05    0.00   50.51    0.00    0.00    0.00    0.00    0.00    0.00   44.44

21:24:09     CPU    %usr   %nice    %sys %iowait    %irq   %soft  %steal  %guest  %gnice   %idle
21:24:10     all    3.69    0.00   41.87    0.00    0.00    0.61    0.00    0.00    0.00   53.84
21:24:10       0    2.91    0.00   40.78    0.00    0.00    4.85    0.00    0.00    0.00   51.46
21:24:10       1    2.00    0.00   36.00    0.00    0.00    3.00    0.00    0.00    0.00   59.00
21:24:10       2    4.04    0.00   44.44    0.00    0.00    1.01    0.00    0.00    0.00   50.51
21:24:10       3    4.04    0.00   40.40    0.00    0.00    1.01    0.00    0.00    0.00   54.55
21:24:10       4    3.00    0.00   37.00    0.00    0.00    1.00    0.00    0.00    0.00   59.00
21:24:10       5    4.00    0.00   40.00    0.00    0.00    0.00    0.00    0.00    0.00   56.00
21:24:10       6    4.04    0.00   47.47    0.00    0.00    1.01    0.00    0.00    0.00   47.47
21:24:10       7    2.04    0.00   33.67    0.00    0.00    0.00    0.00    0.00    0.00   64.29
21:24:10       8    4.04    0.00   44.44    0.00    0.00    0.00    0.00    0.00    0.00   51.52
21:24:10       9    5.05    0.00   39.39    0.00    0.00    0.00    0.00    0.00    0.00   55.56
21:24:10      10    3.03    0.00   48.48    0.00    0.00    0.00    0.00    0.00    0.00   48.48
21:24:10      11    3.09    0.00   42.27    0.00    0.00    0.00    0.00    0.00    0.00   54.64
21:24:10      12    4.04    0.00   46.46    0.00    0.00    0.00    0.00    0.00    0.00   49.49
21:24:10      13    5.15    0.00   45.36    0.00    0.00    0.00    0.00    0.00    0.00   49.48
21:24:10      14    3.03    0.00   31.31    0.00    0.00    0.00    0.00    0.00    0.00   65.66
21:24:10      15    2.04    0.00   41.84    0.00    0.00    0.00    0.00    0.00    0.00   56.12
21:24:10      16    4.04    0.00   42.42    0.00    0.00    0.00    0.00    0.00    0.00   53.54
21:24:10      17    4.08    0.00   45.92    0.00    0.00    0.00    0.00    0.00    0.00   50.00
21:24:10      18    6.06    0.00   51.52    0.00    0.00    0.00    0.00    0.00    0.00   42.42
21:24:10      19    4.04    0.00   38.38    0.00    0.00    0.00    0.00    0.00    0.00   57.58

21:24:10     CPU    %usr   %nice    %sys %iowait    %irq   %soft  %steal  %guest  %gnice   %idle
21:24:11     all    3.97    0.00   42.08    0.00    0.00    0.60    0.00    0.00    0.00   53.34
21:24:11       0    4.85    0.00   44.66    0.00    0.00    4.85    0.00    0.00    0.00   45.63
21:24:11       1    3.88    0.00   45.63    0.00    0.00    2.91    0.00    0.00    0.00   47.57
21:24:11       2    2.97    0.00   37.62    0.00    0.00    1.98    0.00    0.00    0.00   57.43
21:24:11       3    4.00    0.00   44.00    0.00    0.00    1.00    0.00    0.00    0.00   51.00
21:24:11       4    3.06    0.00   43.88    0.00    0.00    0.00    0.00    0.00    0.00   53.06
21:24:11       5    5.00    0.00   40.00    0.00    0.00    1.00    0.00    0.00    0.00   54.00
21:24:11       6    3.00    0.00   36.00    0.00    0.00    0.00    0.00    0.00    0.00   61.00
21:24:11       7    3.00    0.00   45.00    0.00    0.00    0.00    0.00    0.00    0.00   52.00
21:24:11       8    2.06    0.00   48.45    0.00    0.00    0.00    0.00    0.00    0.00   49.48
21:24:11       9    3.06    0.00   36.73    0.00    0.00    0.00    0.00    0.00    0.00   60.20
21:24:11      10    7.07    0.00   38.38    0.00    0.00    0.00    0.00    0.00    0.00   54.55
21:24:11      11    4.00    0.00   35.00    0.00    0.00    0.00    0.00    0.00    0.00   61.00
21:24:11      12    3.03    0.00   39.39    0.00    0.00    0.00    0.00    0.00    0.00   57.58
21:24:11      13    6.93    0.00   45.54    0.00    0.00    0.00    0.00    0.00    0.00   47.52
21:24:11      14    4.04    0.00   47.47    0.00    0.00    0.00    0.00    0.00    0.00   48.48
21:24:11      15    4.04    0.00   42.42    0.00    0.00    0.00    0.00    0.00    0.00   53.54
21:24:11      16    3.06    0.00   41.84    0.00    0.00    0.00    0.00    0.00    0.00   55.10
21:24:11      17    3.06    0.00   43.88    0.00    0.00    0.00    0.00    0.00    0.00   53.06
21:24:11      18    5.10    0.00   37.76    0.00    0.00    0.00    0.00    0.00    0.00   57.14
21:24:11      19    4.08    0.00   47.96    0.00    0.00    0.00    0.00    0.00    0.00   47.96

Average:     CPU    %usr   %nice    %sys %iowait    %irq   %soft  %steal  %guest  %gnice   %idle
Average:     all    3.95    0.00   43.07    0.00    0.00    0.51    0.00    0.00    0.00   52.47
Average:       0    3.71    0.00   41.15    0.00    0.00    3.81    0.00    0.00    0.00   51.32
Average:       1    3.96    0.00   45.79    0.00    0.00    2.38    0.00    0.00    0.00   47.87
Average:       2    3.80    0.00   44.90    0.00    0.00    1.40    0.00    0.00    0.00   49.90
Average:       3    4.11    0.00   42.53    0.00    0.00    0.80    0.00    0.00    0.00   52.56
Average:       4    4.32    0.00   44.72    0.00    0.00    0.50    0.00    0.00    0.00   50.45
Average:       5    3.52    0.00   43.30    0.00    0.00    0.40    0.00    0.00    0.00   52.77
Average:       6    3.33    0.00   42.08    0.00    0.00    0.20    0.00    0.00    0.00   54.39
Average:       7    3.73    0.00   42.80    0.00    0.00    0.10    0.00    0.00    0.00   53.37
Average:       8    3.84    0.00   44.59    0.00    0.00    0.10    0.00    0.00    0.00   51.47
Average:       9    3.44    0.00   40.75    0.00    0.00    0.10    0.00    0.00    0.00   55.71
Average:      10    4.55    0.00   43.52    0.00    0.00    0.00    0.00    0.00    0.00   51.92
Average:      11    4.74    0.00   41.27    0.00    0.00    0.10    0.00    0.00    0.00   53.88
Average:      12    4.05    0.00   44.53    0.00    0.00    0.10    0.00    0.00    0.00   51.32
Average:      13    4.95    0.00   44.39    0.00    0.00    0.00    0.00    0.00    0.00   50.66
Average:      14    3.44    0.00   41.03    0.00    0.00    0.00    0.00    0.00    0.00   55.52
Average:      15    3.24    0.00   40.95    0.00    0.00    0.00    0.00    0.00    0.00   55.81
Average:      16    4.26    0.00   43.00    0.00    0.00    0.00    0.00    0.00    0.00   52.74
Average:      17    3.76    0.00   42.28    0.00    0.00    0.00    0.00    0.00    0.00   53.96
Average:      18    4.44    0.00   43.84    0.00    0.00    0.00    0.00    0.00    0.00   51.72
Average:      19    3.85    0.00   43.93    0.00    0.00    0.00    0.00    0.00    0.00   52.23
