Linux 6.8.0-138-generic (snapshots-gpu-mi300x1-192gb-devcloud-atl1) 	10/07/26 	_x86_64_	(20 CPU)

15:31:41     CPU    %usr   %nice    %sys %iowait    %irq   %soft  %steal  %guest  %gnice   %idle
15:31:42     all    3.89    0.00   42.93    0.00    0.00    0.56    0.00    0.00    0.00   52.63
15:31:42       0    3.85    0.00   39.42    0.00    0.00    4.81    0.00    0.00    0.00   51.92
15:31:42       1    2.94    0.00   43.14    0.00    0.00    2.94    0.00    0.00    0.00   50.98
15:31:42       2    3.03    0.00   43.43    0.00    0.00    2.02    0.00    0.00    0.00   51.52
15:31:42       3    4.04    0.00   41.41    0.00    0.00    1.01    0.00    0.00    0.00   53.54
15:31:42       4    5.10    0.00   45.92    0.00    0.00    0.00    0.00    0.00    0.00   48.98
15:31:42       5    3.06    0.00   43.88    0.00    0.00    0.00    0.00    0.00    0.00   53.06
15:31:42       6    5.10    0.00   38.78    0.00    0.00    0.00    0.00    0.00    0.00   56.12
15:31:42       7    6.06    0.00   54.55    0.00    0.00    0.00    0.00    0.00    0.00   39.39
15:31:42       8    6.00    0.00   37.00    0.00    0.00    0.00    0.00    0.00    0.00   57.00
15:31:42       9    4.08    0.00   38.78    0.00    0.00    0.00    0.00    0.00    0.00   57.14
15:31:42      10    4.08    0.00   51.02    0.00    0.00    0.00    0.00    0.00    0.00   44.90
15:31:42      11    2.02    0.00   40.40    0.00    0.00    0.00    0.00    0.00    0.00   57.58
15:31:42      12    5.05    0.00   52.53    0.00    0.00    0.00    0.00    0.00    0.00   42.42
15:31:42      13    4.08    0.00   44.90    0.00    0.00    0.00    0.00    0.00    0.00   51.02
15:31:42      14    5.10    0.00   41.84    0.00    0.00    0.00    0.00    0.00    0.00   53.06
15:31:42      15    3.00    0.00   42.00    0.00    0.00    0.00    0.00    0.00    0.00   55.00
15:31:42      16    2.04    0.00   35.71    0.00    0.00    0.00    0.00    0.00    0.00   62.24
15:31:42      17    2.04    0.00   38.78    0.00    0.00    0.00    0.00    0.00    0.00   59.18
15:31:42      18    3.06    0.00   40.82    0.00    0.00    0.00    0.00    0.00    0.00   56.12
15:31:42      19    4.04    0.00   44.44    0.00    0.00    0.00    0.00    0.00    0.00   51.52

15:31:42     CPU    %usr   %nice    %sys %iowait    %irq   %soft  %steal  %guest  %gnice   %idle
15:31:43     all    4.07    0.00   43.32    0.00    0.00    0.85    0.00    0.00    0.00   51.76
15:31:43       0    2.88    0.00   42.31    0.00    0.00    6.73    0.00    0.00    0.00   48.08
15:31:43       1    4.90    0.00   46.08    0.00    0.00    2.94    0.00    0.00    0.00   46.08
15:31:43       2    3.96    0.00   43.56    0.00    0.00    2.97    0.00    0.00    0.00   49.50
15:31:43       3    4.00    0.00   47.00    0.00    0.00    1.00    0.00    0.00    0.00   48.00
15:31:43       4    3.00    0.00   41.00    0.00    0.00    1.00    0.00    0.00    0.00   55.00
15:31:43       5    3.03    0.00   45.45    0.00    0.00    0.00    0.00    0.00    0.00   51.52
15:31:43       6    2.00    0.00   39.00    0.00    0.00    1.00    0.00    0.00    0.00   58.00
15:31:43       7    4.00    0.00   47.00    0.00    0.00    1.00    0.00    0.00    0.00   48.00
15:31:43       8    3.03    0.00   43.43    0.00    0.00    0.00    0.00    0.00    0.00   53.54
15:31:43       9    4.08    0.00   41.84    0.00    0.00    0.00    0.00    0.00    0.00   54.08
15:31:43      10    8.08    0.00   45.45    0.00    0.00    0.00    0.00    0.00    0.00   46.46
15:31:43      11    6.00    0.00   40.00    0.00    0.00    0.00    0.00    0.00    0.00   54.00
15:31:43      12    4.08    0.00   45.92    0.00    0.00    0.00    0.00    0.00    0.00   50.00
15:31:43      13    3.00    0.00   39.00    0.00    0.00    0.00    0.00    0.00    0.00   58.00
15:31:43      14    5.05    0.00   43.43    0.00    0.00    0.00    0.00    0.00    0.00   51.52
15:31:43      15    2.02    0.00   31.31    0.00    0.00    0.00    0.00    0.00    0.00   66.67
15:31:43      16    4.04    0.00   43.43    0.00    0.00    0.00    0.00    0.00    0.00   52.53
15:31:43      17    6.06    0.00   49.49    0.00    0.00    0.00    0.00    0.00    0.00   44.44
15:31:43      18    3.03    0.00   43.43    0.00    0.00    0.00    0.00    0.00    0.00   53.54
15:31:43      19    5.15    0.00   48.45    0.00    0.00    0.00    0.00    0.00    0.00   46.39

15:31:43     CPU    %usr   %nice    %sys %iowait    %irq   %soft  %steal  %guest  %gnice   %idle
15:31:44     all    4.52    0.00   44.70    0.00    0.00    0.80    0.00    0.00    0.00   49.97
15:31:44       0    2.83    0.00   40.57    0.00    0.00    7.55    0.00    0.00    0.00   49.06
15:31:44       1    4.90    0.00   45.10    0.00    0.00    3.92    0.00    0.00    0.00   46.08
15:31:44       2    4.95    0.00   44.55    0.00    0.00    1.98    0.00    0.00    0.00   48.51
15:31:44       3    4.95    0.00   46.53    0.00    0.00    0.99    0.00    0.00    0.00   47.52
15:31:44       4    6.06    0.00   47.47    0.00    0.00    0.00    0.00    0.00    0.00   46.46
15:31:44       5    3.03    0.00   41.41    0.00    0.00    1.01    0.00    0.00    0.00   54.55
15:31:44       6    5.05    0.00   42.42    0.00    0.00    0.00    0.00    0.00    0.00   52.53
15:31:44       7    3.06    0.00   39.80    0.00    0.00    0.00    0.00    0.00    0.00   57.14
15:31:44       8    4.00    0.00   49.00    0.00    0.00    0.00    0.00    0.00    0.00   47.00
15:31:44       9    3.00    0.00   41.00    0.00    0.00    0.00    0.00    0.00    0.00   56.00
15:31:44      10    5.05    0.00   40.40    0.00    0.00    0.00    0.00    0.00    0.00   54.55
15:31:44      11    3.06    0.00   42.86    0.00    0.00    0.00    0.00    0.00    0.00   54.08
15:31:44      12    5.05    0.00   43.43    0.00    0.00    0.00    0.00    0.00    0.00   51.52
15:31:44      13    5.10    0.00   47.96    0.00    0.00    0.00    0.00    0.00    0.00   46.94
15:31:44      14    5.10    0.00   46.94    0.00    0.00    0.00    0.00    0.00    0.00   47.96
15:31:44      15    5.10    0.00   48.98    0.00    0.00    0.00    0.00    0.00    0.00   45.92
15:31:44      16    8.00    0.00   49.00    0.00    0.00    0.00    0.00    0.00    0.00   43.00
15:31:44      17    3.06    0.00   46.94    0.00    0.00    0.00    0.00    0.00    0.00   50.00
15:31:44      18    3.06    0.00   50.00    0.00    0.00    0.00    0.00    0.00    0.00   46.94
15:31:44      19    6.00    0.00   40.00    0.00    0.00    0.00    0.00    0.00    0.00   54.00

15:31:44     CPU    %usr   %nice    %sys %iowait    %irq   %soft  %steal  %guest  %gnice   %idle
15:31:45     all    4.07    0.00   44.90    0.00    0.00    0.85    0.00    0.00    0.00   50.18
15:31:45       0    2.86    0.00   47.62    0.00    0.00    5.71    0.00    0.00    0.00   43.81
15:31:45       1    5.88    0.00   44.12    0.00    0.00    3.92    0.00    0.00    0.00   46.08
15:31:45       2    3.00    0.00   44.00    0.00    0.00    1.00    0.00    0.00    0.00   52.00
15:31:45       3    3.06    0.00   44.90    0.00    0.00    1.02    0.00    0.00    0.00   51.02
15:31:45       4    3.96    0.00   43.56    0.00    0.00    1.98    0.00    0.00    0.00   50.50
15:31:45       5    5.94    0.00   45.54    0.00    0.00    0.00    0.00    0.00    0.00   48.51
15:31:45       6    3.03    0.00   42.42    0.00    0.00    1.01    0.00    0.00    0.00   53.54
15:31:45       7    5.15    0.00   42.27    0.00    0.00    0.00    0.00    0.00    0.00   52.58
15:31:45       8    4.00    0.00   46.00    0.00    0.00    1.00    0.00    0.00    0.00   49.00
15:31:45       9    2.02    0.00   43.43    0.00    0.00    0.00    0.00    0.00    0.00   54.55
15:31:45      10    3.06    0.00   41.84    0.00    0.00    0.00    0.00    0.00    0.00   55.10
15:31:45      11    4.08    0.00   48.98    0.00    0.00    0.00    0.00    0.00    0.00   46.94
15:31:45      12    2.02    0.00   38.38    0.00    0.00    0.00    0.00    0.00    0.00   59.60
15:31:45      13    4.90    0.00   40.20    0.00    0.00    0.98    0.00    0.00    0.00   53.92
15:31:45      14    4.04    0.00   45.45    0.00    0.00    0.00    0.00    0.00    0.00   50.51
15:31:45      15    4.04    0.00   38.38    0.00    0.00    0.00    0.00    0.00    0.00   57.58
15:31:45      16    4.08    0.00   56.12    0.00    0.00    0.00    0.00    0.00    0.00   39.80
15:31:45      17    6.12    0.00   50.00    0.00    0.00    0.00    0.00    0.00    0.00   43.88
15:31:45      18    5.10    0.00   50.00    0.00    0.00    0.00    0.00    0.00    0.00   44.90
15:31:45      19    5.00    0.00   45.00    0.00    0.00    0.00    0.00    0.00    0.00   50.00

15:31:45     CPU    %usr   %nice    %sys %iowait    %irq   %soft  %steal  %guest  %gnice   %idle
15:31:46     all    4.43    0.00   44.22    0.00    0.00    0.86    0.00    0.00    0.00   50.50
15:31:46       0    4.81    0.00   41.35    0.00    0.00    6.73    0.00    0.00    0.00   47.12
15:31:46       1    5.88    0.00   44.12    0.00    0.00    2.94    0.00    0.00    0.00   47.06
15:31:46       2    3.96    0.00   42.57    0.00    0.00    2.97    0.00    0.00    0.00   50.50
15:31:46       3    2.94    0.00   45.10    0.00    0.00    0.98    0.00    0.00    0.00   50.98
15:31:46       4    3.06    0.00   44.90    0.00    0.00    1.02    0.00    0.00    0.00   51.02
15:31:46       5    4.00    0.00   47.00    0.00    0.00    1.00    0.00    0.00    0.00   48.00
15:31:46       6    5.10    0.00   41.84    0.00    0.00    0.00    0.00    0.00    0.00   53.06
15:31:46       7    5.00    0.00   44.00    0.00    0.00    0.00    0.00    0.00    0.00   51.00
15:31:46       8    5.15    0.00   44.33    0.00    0.00    0.00    0.00    0.00    0.00   50.52
15:31:46       9    5.05    0.00   43.43    0.00    0.00    1.01    0.00    0.00    0.00   50.51
15:31:46      10    4.04    0.00   44.44    0.00    0.00    0.00    0.00    0.00    0.00   51.52
15:31:46      11    4.04    0.00   36.36    0.00    0.00    0.00    0.00    0.00    0.00   59.60
15:31:46      12    7.07    0.00   49.49    0.00    0.00    0.00    0.00    0.00    0.00   43.43
15:31:46      13    3.03    0.00   41.41    0.00    0.00    0.00    0.00    0.00    0.00   55.56
15:31:46      14    4.04    0.00   51.52    0.00    0.00    0.00    0.00    0.00    0.00   44.44
15:31:46      15    4.08    0.00   44.90    0.00    0.00    0.00    0.00    0.00    0.00   51.02
15:31:46      16    4.08    0.00   39.80    0.00    0.00    0.00    0.00    0.00    0.00   56.12
15:31:46      17    5.00    0.00   45.00    0.00    0.00    0.00    0.00    0.00    0.00   50.00
15:31:46      18    3.09    0.00   44.33    0.00    0.00    0.00    0.00    0.00    0.00   52.58
15:31:46      19    5.05    0.00   48.48    0.00    0.00    0.00    0.00    0.00    0.00   46.46

15:31:46     CPU    %usr   %nice    %sys %iowait    %irq   %soft  %steal  %guest  %gnice   %idle
15:31:47     all    3.92    0.00   44.23    0.00    0.00    0.75    0.00    0.00    0.00   51.10
15:31:47       0    3.77    0.00   38.68    0.00    0.00    6.60    0.00    0.00    0.00   50.94
15:31:47       1    3.92    0.00   48.04    0.00    0.00    3.92    0.00    0.00    0.00   44.12
15:31:47       2    3.96    0.00   42.57    0.00    0.00    1.98    0.00    0.00    0.00   51.49
15:31:47       3    5.94    0.00   45.54    0.00    0.00    1.98    0.00    0.00    0.00   46.53
15:31:47       4    5.10    0.00   50.00    0.00    0.00    0.00    0.00    0.00    0.00   44.90
15:31:47       5    3.03    0.00   41.41    0.00    0.00    0.00    0.00    0.00    0.00   55.56
15:31:47       6    5.00    0.00   48.00    0.00    0.00    0.00    0.00    0.00    0.00   47.00
15:31:47       7    2.04    0.00   39.80    0.00    0.00    0.00    0.00    0.00    0.00   58.16
15:31:47       8    4.00    0.00   49.00    0.00    0.00    0.00    0.00    0.00    0.00   47.00
15:31:47       9    3.06    0.00   43.88    0.00    0.00    0.00    0.00    0.00    0.00   53.06
15:31:47      10    3.03    0.00   47.47    0.00    0.00    0.00    0.00    0.00    0.00   49.49
15:31:47      11    3.06    0.00   43.88    0.00    0.00    0.00    0.00    0.00    0.00   53.06
15:31:47      12    4.04    0.00   49.49    0.00    0.00    0.00    0.00    0.00    0.00   46.46
15:31:47      13    3.03    0.00   42.42    0.00    0.00    0.00    0.00    0.00    0.00   54.55
15:31:47      14    4.08    0.00   43.88    0.00    0.00    0.00    0.00    0.00    0.00   52.04
15:31:47      15    3.03    0.00   41.41    0.00    0.00    0.00    0.00    0.00    0.00   55.56
15:31:47      16    3.03    0.00   39.39    0.00    0.00    0.00    0.00    0.00    0.00   57.58
15:31:47      17    3.00    0.00   40.00    0.00    0.00    0.00    0.00    0.00    0.00   57.00
15:31:47      18    7.00    0.00   48.00    0.00    0.00    0.00    0.00    0.00    0.00   45.00
15:31:47      19    5.10    0.00   41.84    0.00    0.00    0.00    0.00    0.00    0.00   53.06

15:31:47     CPU    %usr   %nice    %sys %iowait    %irq   %soft  %steal  %guest  %gnice   %idle
15:31:48     all    4.76    0.00   43.89    0.00    0.00    0.75    0.00    0.00    0.00   50.60
15:31:48       0    5.77    0.00   46.15    0.00    0.00    4.81    0.00    0.00    0.00   43.27
15:31:48       1    3.92    0.00   35.29    0.00    0.00    3.92    0.00    0.00    0.00   56.86
15:31:48       2    3.92    0.00   46.08    0.00    0.00    1.96    0.00    0.00    0.00   48.04
15:31:48       3    4.00    0.00   46.00    0.00    0.00    2.00    0.00    0.00    0.00   48.00
15:31:48       4    4.95    0.00   45.54    0.00    0.00    0.99    0.00    0.00    0.00   48.51
15:31:48       5    7.07    0.00   44.44    0.00    0.00    1.01    0.00    0.00    0.00   47.47
15:31:48       6    3.03    0.00   35.35    0.00    0.00    0.00    0.00    0.00    0.00   61.62
15:31:48       7    3.03    0.00   37.37    0.00    0.00    0.00    0.00    0.00    0.00   59.60
15:31:48       8    4.04    0.00   44.44    0.00    0.00    0.00    0.00    0.00    0.00   51.52
15:31:48       9    4.95    0.00   48.51    0.00    0.00    0.00    0.00    0.00    0.00   46.53
15:31:48      10    5.00    0.00   44.00    0.00    0.00    0.00    0.00    0.00    0.00   51.00
15:31:48      11    6.12    0.00   46.94    0.00    0.00    0.00    0.00    0.00    0.00   46.94
15:31:48      12    5.05    0.00   48.48    0.00    0.00    0.00    0.00    0.00    0.00   46.46
15:31:48      13    6.06    0.00   43.43    0.00    0.00    0.00    0.00    0.00    0.00   50.51
15:31:48      14    6.00    0.00   46.00    0.00    0.00    0.00    0.00    0.00    0.00   48.00
15:31:48      15    4.00    0.00   44.00    0.00    0.00    0.00    0.00    0.00    0.00   52.00
15:31:48      16    5.00    0.00   48.00    0.00    0.00    0.00    0.00    0.00    0.00   47.00
15:31:48      17    6.12    0.00   42.86    0.00    0.00    0.00    0.00    0.00    0.00   51.02
15:31:48      18    4.08    0.00   41.84    0.00    0.00    0.00    0.00    0.00    0.00   54.08
15:31:48      19    3.06    0.00   42.86    0.00    0.00    0.00    0.00    0.00    0.00   54.08

15:31:48     CPU    %usr   %nice    %sys %iowait    %irq   %soft  %steal  %guest  %gnice   %idle
15:31:49     all    4.21    0.00   44.68    0.00    0.00    0.90    0.00    0.00    0.00   50.20
15:31:49       0    3.77    0.00   46.23    0.00    0.00    7.55    0.00    0.00    0.00   42.45
15:31:49       1    5.88    0.00   48.04    0.00    0.00    2.94    0.00    0.00    0.00   43.14
15:31:49       2    5.10    0.00   45.92    0.00    0.00    1.02    0.00    0.00    0.00   47.96
15:31:49       3    5.05    0.00   44.44    0.00    0.00    1.01    0.00    0.00    0.00   49.49
15:31:49       4    4.04    0.00   42.42    0.00    0.00    1.01    0.00    0.00    0.00   52.53
15:31:49       5    8.00    0.00   49.00    0.00    0.00    1.00    0.00    0.00    0.00   42.00
15:31:49       6    3.96    0.00   44.55    0.00    0.00    1.98    0.00    0.00    0.00   49.50
15:31:49       7    2.00    0.00   44.00    0.00    0.00    1.00    0.00    0.00    0.00   53.00
15:31:49       8    2.02    0.00   36.36    0.00    0.00    0.00    0.00    0.00    0.00   61.62
15:31:49       9    2.04    0.00   40.82    0.00    0.00    0.00    0.00    0.00    0.00   57.14
15:31:49      10    3.09    0.00   51.55    0.00    0.00    0.00    0.00    0.00    0.00   45.36
15:31:49      11    5.00    0.00   46.00    0.00    0.00    0.00    0.00    0.00    0.00   49.00
15:31:49      12    2.97    0.00   37.62    0.00    0.00    0.00    0.00    0.00    0.00   59.41
15:31:49      13    4.04    0.00   47.47    0.00    0.00    0.00    0.00    0.00    0.00   48.48
15:31:49      14    4.08    0.00   42.86    0.00    0.00    0.00    0.00    0.00    0.00   53.06
15:31:49      15    6.06    0.00   49.49    0.00    0.00    0.00    0.00    0.00    0.00   44.44
15:31:49      16    3.03    0.00   43.43    0.00    0.00    0.00    0.00    0.00    0.00   53.54
15:31:49      17    3.03    0.00   41.41    0.00    0.00    0.00    0.00    0.00    0.00   55.56
15:31:49      18    5.94    0.00   45.54    0.00    0.00    0.00    0.00    0.00    0.00   48.51
15:31:49      19    5.05    0.00   46.46    0.00    0.00    0.00    0.00    0.00    0.00   48.48

15:31:49     CPU    %usr   %nice    %sys %iowait    %irq   %soft  %steal  %guest  %gnice   %idle
15:31:50     all    4.21    0.00   43.25    0.00    0.00    0.55    0.00    0.00    0.00   51.98
15:31:50       0    3.81    0.00   45.71    0.00    0.00    5.71    0.00    0.00    0.00   44.76
15:31:50       1    3.88    0.00   39.81    0.00    0.00    2.91    0.00    0.00    0.00   53.40
15:31:50       2    2.97    0.00   40.59    0.00    0.00    0.99    0.00    0.00    0.00   55.45
15:31:50       3    4.95    0.00   42.57    0.00    0.00    0.99    0.00    0.00    0.00   51.49
15:31:50       4    5.05    0.00   46.46    0.00    0.00    0.00    0.00    0.00    0.00   48.48
15:31:50       5    4.08    0.00   37.76    0.00    0.00    0.00    0.00    0.00    0.00   58.16
15:31:50       6    2.04    0.00   40.82    0.00    0.00    0.00    0.00    0.00    0.00   57.14
15:31:50       7    5.00    0.00   41.00    0.00    0.00    0.00    0.00    0.00    0.00   54.00
15:31:50       8    2.04    0.00   37.76    0.00    0.00    0.00    0.00    0.00    0.00   60.20
15:31:50       9    4.04    0.00   34.34    0.00    0.00    0.00    0.00    0.00    0.00   61.62
15:31:50      10    4.95    0.00   44.55    0.00    0.00    0.00    0.00    0.00    0.00   50.50
15:31:50      11    3.00    0.00   45.00    0.00    0.00    0.00    0.00    0.00    0.00   52.00
15:31:50      12    7.00    0.00   49.00    0.00    0.00    0.00    0.00    0.00    0.00   44.00
15:31:50      13    4.04    0.00   43.43    0.00    0.00    0.00    0.00    0.00    0.00   52.53
15:31:50      14    5.05    0.00   45.45    0.00    0.00    0.00    0.00    0.00    0.00   49.49
15:31:50      15    4.08    0.00   48.98    0.00    0.00    0.00    0.00    0.00    0.00   46.94
15:31:50      16    5.05    0.00   47.47    0.00    0.00    0.00    0.00    0.00    0.00   47.47
15:31:50      17    4.08    0.00   46.94    0.00    0.00    0.00    0.00    0.00    0.00   48.98
15:31:50      18    5.05    0.00   45.45    0.00    0.00    0.00    0.00    0.00    0.00   49.49
15:31:50      19    4.08    0.00   41.84    0.00    0.00    0.00    0.00    0.00    0.00   54.08

15:31:50     CPU    %usr   %nice    %sys %iowait    %irq   %soft  %steal  %guest  %gnice   %idle
15:31:51     all    4.12    0.00   44.53    0.00    0.00    0.95    0.00    0.00    0.00   50.40
15:31:51       0    6.67    0.00   41.90    0.00    0.00    7.62    0.00    0.00    0.00   43.81
15:31:51       1    2.91    0.00   44.66    0.00    0.00    5.83    0.00    0.00    0.00   46.60
15:31:51       2    2.97    0.00   45.54    0.00    0.00    1.98    0.00    0.00    0.00   49.50
15:31:51       3    3.03    0.00   49.49    0.00    0.00    1.01    0.00    0.00    0.00   46.46
15:31:51       4    4.04    0.00   41.41    0.00    0.00    1.01    0.00    0.00    0.00   53.54
15:31:51       5    5.00    0.00   49.00    0.00    0.00    1.00    0.00    0.00    0.00   45.00
15:31:51       6    3.03    0.00   40.40    0.00    0.00    0.00    0.00    0.00    0.00   56.57
15:31:51       7    4.08    0.00   38.78    0.00    0.00    0.00    0.00    0.00    0.00   57.14
15:31:51       8    3.00    0.00   49.00    0.00    0.00    0.00    0.00    0.00    0.00   48.00
15:31:51       9    4.08    0.00   41.84    0.00    0.00    0.00    0.00    0.00    0.00   54.08
15:31:51      10    4.08    0.00   37.76    0.00    0.00    0.00    0.00    0.00    0.00   58.16
15:31:51      11    3.03    0.00   44.44    0.00    0.00    0.00    0.00    0.00    0.00   52.53
15:31:51      12    4.04    0.00   41.41    0.00    0.00    0.00    0.00    0.00    0.00   54.55
15:31:51      13    6.00    0.00   48.00    0.00    0.00    0.00    0.00    0.00    0.00   46.00
15:31:51      14    4.08    0.00   44.90    0.00    0.00    0.00    0.00    0.00    0.00   51.02
15:31:51      15    5.05    0.00   51.52    0.00    0.00    0.00    0.00    0.00    0.00   43.43
15:31:51      16    5.00    0.00   46.00    0.00    0.00    0.00    0.00    0.00    0.00   49.00
15:31:51      17    5.00    0.00   48.00    0.00    0.00    0.00    0.00    0.00    0.00   47.00
15:31:51      18    5.05    0.00   41.41    0.00    0.00    0.00    0.00    0.00    0.00   53.54
15:31:51      19    2.04    0.00   44.90    0.00    0.00    0.00    0.00    0.00    0.00   53.06

Average:     CPU    %usr   %nice    %sys %iowait    %irq   %soft  %steal  %guest  %gnice   %idle
Average:     all    4.22    0.00   44.07    0.00    0.00    0.78    0.00    0.00    0.00   50.93
Average:       0    4.10    0.00   42.99    0.00    0.00    6.39    0.00    0.00    0.00   46.52
Average:       1    4.50    0.00   43.84    0.00    0.00    3.62    0.00    0.00    0.00   48.04
Average:       2    3.78    0.00   43.88    0.00    0.00    1.89    0.00    0.00    0.00   50.45
Average:       3    4.20    0.00   45.30    0.00    0.00    1.20    0.00    0.00    0.00   49.30
Average:       4    4.44    0.00   44.86    0.00    0.00    0.71    0.00    0.00    0.00   50.00
Average:       5    4.63    0.00   44.51    0.00    0.00    0.50    0.00    0.00    0.00   50.35
Average:       6    3.73    0.00   41.37    0.00    0.00    0.40    0.00    0.00    0.00   54.49
Average:       7    3.94    0.00   42.87    0.00    0.00    0.20    0.00    0.00    0.00   52.98
Average:       8    3.73    0.00   43.65    0.00    0.00    0.10    0.00    0.00    0.00   52.52
Average:       9    3.64    0.00   41.80    0.00    0.00    0.10    0.00    0.00    0.00   54.45
Average:      10    4.45    0.00   44.84    0.00    0.00    0.00    0.00    0.00    0.00   50.71
Average:      11    3.94    0.00   43.48    0.00    0.00    0.00    0.00    0.00    0.00   52.58
Average:      12    4.64    0.00   45.56    0.00    0.00    0.00    0.00    0.00    0.00   49.80
Average:      13    4.33    0.00   43.81    0.00    0.00    0.10    0.00    0.00    0.00   51.76
Average:      14    4.67    0.00   45.23    0.00    0.00    0.00    0.00    0.00    0.00   50.10
Average:      15    4.04    0.00   44.08    0.00    0.00    0.00    0.00    0.00    0.00   51.87
Average:      16    4.34    0.00   44.85    0.00    0.00    0.00    0.00    0.00    0.00   50.81
Average:      17    4.35    0.00   44.94    0.00    0.00    0.00    0.00    0.00    0.00   50.71
Average:      18    4.46    0.00   45.09    0.00    0.00    0.00    0.00    0.00    0.00   50.46
Average:      19    4.46    0.00   44.42    0.00    0.00    0.00    0.00    0.00    0.00   51.12
