Linux 6.8.0-138-generic (snapshots-gpu-mi300x1-192gb-devcloud-atl1) 	10/06/26 	_x86_64_	(20 CPU)

23:26:12     CPU    %usr   %nice    %sys %iowait    %irq   %soft  %steal  %guest  %gnice   %idle
23:26:13     all    3.48    0.00   39.24    0.00    0.00    0.50    0.00    0.00    0.00   56.78
23:26:13       0    3.88    0.00   39.81    0.00    0.00    4.85    0.00    0.00    0.00   51.46
23:26:13       1    3.00    0.00   43.00    0.00    0.00    1.00    0.00    0.00    0.00   53.00
23:26:13       2    2.00    0.00   37.00    0.00    0.00    1.00    0.00    0.00    0.00   60.00
23:26:13       3    2.04    0.00   39.80    0.00    0.00    0.00    0.00    0.00    0.00   58.16
23:26:13       4    4.00    0.00   38.00    0.00    0.00    1.00    0.00    0.00    0.00   57.00
23:26:13       5    5.05    0.00   39.39    0.00    0.00    0.00    0.00    0.00    0.00   55.56
23:26:13       6    2.06    0.00   32.99    0.00    0.00    0.00    0.00    0.00    0.00   64.95
23:26:13       7    3.03    0.00   38.38    0.00    0.00    1.01    0.00    0.00    0.00   57.58
23:26:13       8    4.08    0.00   43.88    0.00    0.00    0.00    0.00    0.00    0.00   52.04
23:26:13       9    3.00    0.00   30.00    0.00    0.00    0.00    0.00    0.00    0.00   67.00
23:26:13      10    4.04    0.00   40.40    0.00    0.00    0.00    0.00    0.00    0.00   55.56
23:26:13      11    3.03    0.00   37.37    0.00    0.00    0.00    0.00    0.00    0.00   59.60
23:26:13      12    3.06    0.00   41.84    0.00    0.00    0.00    0.00    0.00    0.00   55.10
23:26:13      13    5.05    0.00   42.42    0.00    0.00    0.00    0.00    0.00    0.00   52.53
23:26:13      14    2.02    0.00   33.33    0.00    0.00    0.00    0.00    0.00    0.00   64.65
23:26:13      15    4.04    0.00   40.40    0.00    0.00    0.00    0.00    0.00    0.00   55.56
23:26:13      16    4.04    0.00   42.42    0.00    0.00    0.00    0.00    0.00    0.00   53.54
23:26:13      17    4.00    0.00   36.00    0.00    0.00    1.00    0.00    0.00    0.00   59.00
23:26:13      18    3.03    0.00   44.44    0.00    0.00    0.00    0.00    0.00    0.00   52.53
23:26:13      19    5.00    0.00   44.00    0.00    0.00    0.00    0.00    0.00    0.00   51.00

23:26:13     CPU    %usr   %nice    %sys %iowait    %irq   %soft  %steal  %guest  %gnice   %idle
23:26:14     all    3.32    0.00   38.42    0.00    0.00    0.50    0.00    0.00    0.00   57.75
23:26:14       0    4.81    0.00   40.38    0.00    0.00    4.81    0.00    0.00    0.00   50.00
23:26:14       1    2.94    0.00   39.22    0.00    0.00    2.94    0.00    0.00    0.00   54.90
23:26:14       2    3.03    0.00   34.34    0.00    0.00    1.01    0.00    0.00    0.00   61.62
23:26:14       3    3.96    0.00   40.59    0.00    0.00    0.99    0.00    0.00    0.00   54.46
23:26:14       4    3.03    0.00   40.40    0.00    0.00    0.00    0.00    0.00    0.00   56.57
23:26:14       5    3.03    0.00   34.34    0.00    0.00    0.00    0.00    0.00    0.00   62.63
23:26:14       6    2.00    0.00   33.00    0.00    0.00    0.00    0.00    0.00    0.00   65.00
23:26:14       7    4.00    0.00   38.00    0.00    0.00    0.00    0.00    0.00    0.00   58.00
23:26:14       8    4.08    0.00   43.88    0.00    0.00    0.00    0.00    0.00    0.00   52.04
23:26:14       9    3.06    0.00   36.73    0.00    0.00    0.00    0.00    0.00    0.00   60.20
23:26:14      10    3.03    0.00   41.41    0.00    0.00    0.00    0.00    0.00    0.00   55.56
23:26:14      11    4.00    0.00   37.00    0.00    0.00    0.00    0.00    0.00    0.00   59.00
23:26:14      12    3.03    0.00   39.39    0.00    0.00    0.00    0.00    0.00    0.00   57.58
23:26:14      13    3.06    0.00   37.76    0.00    0.00    0.00    0.00    0.00    0.00   59.18
23:26:14      14    4.04    0.00   37.37    0.00    0.00    0.00    0.00    0.00    0.00   58.59
23:26:14      15    4.08    0.00   45.92    0.00    0.00    0.00    0.00    0.00    0.00   50.00
23:26:14      16    3.06    0.00   37.76    0.00    0.00    0.00    0.00    0.00    0.00   59.18
23:26:14      17    2.04    0.00   39.80    0.00    0.00    0.00    0.00    0.00    0.00   58.16
23:26:14      18    3.03    0.00   34.34    0.00    0.00    0.00    0.00    0.00    0.00   62.63
23:26:14      19    3.06    0.00   36.73    0.00    0.00    0.00    0.00    0.00    0.00   60.20

23:26:14     CPU    %usr   %nice    %sys %iowait    %irq   %soft  %steal  %guest  %gnice   %idle
23:26:15     all    3.34    0.00   37.16    0.00    0.00    0.40    0.00    0.00    0.00   59.10
23:26:15       0    1.94    0.00   32.04    0.00    0.00    3.88    0.00    0.00    0.00   62.14
23:26:15       1    4.04    0.00   37.37    0.00    0.00    2.02    0.00    0.00    0.00   56.57
23:26:15       2    4.00    0.00   40.00    0.00    0.00    1.00    0.00    0.00    0.00   55.00
23:26:15       3    4.00    0.00   37.00    0.00    0.00    1.00    0.00    0.00    0.00   58.00
23:26:15       4    4.00    0.00   35.00    0.00    0.00    0.00    0.00    0.00    0.00   61.00
23:26:15       5    3.03    0.00   32.32    0.00    0.00    0.00    0.00    0.00    0.00   64.65
23:26:15       6    3.06    0.00   35.71    0.00    0.00    0.00    0.00    0.00    0.00   61.22
23:26:15       7    3.06    0.00   40.82    0.00    0.00    0.00    0.00    0.00    0.00   56.12
23:26:15       8    4.08    0.00   39.80    0.00    0.00    0.00    0.00    0.00    0.00   56.12
23:26:15       9    3.06    0.00   35.71    0.00    0.00    0.00    0.00    0.00    0.00   61.22
23:26:15      10    2.02    0.00   37.37    0.00    0.00    0.00    0.00    0.00    0.00   60.61
23:26:15      11    3.03    0.00   37.37    0.00    0.00    0.00    0.00    0.00    0.00   59.60
23:26:15      12    4.08    0.00   41.84    0.00    0.00    0.00    0.00    0.00    0.00   54.08
23:26:15      13    5.00    0.00   41.00    0.00    0.00    0.00    0.00    0.00    0.00   54.00
23:26:15      14    3.03    0.00   38.38    0.00    0.00    0.00    0.00    0.00    0.00   58.59
23:26:15      15    3.06    0.00   36.73    0.00    0.00    0.00    0.00    0.00    0.00   60.20
23:26:15      16    2.04    0.00   33.67    0.00    0.00    0.00    0.00    0.00    0.00   64.29
23:26:15      17    2.04    0.00   26.53    0.00    0.00    0.00    0.00    0.00    0.00   71.43
23:26:15      18    4.12    0.00   41.24    0.00    0.00    0.00    0.00    0.00    0.00   54.64
23:26:15      19    4.04    0.00   43.43    0.00    0.00    0.00    0.00    0.00    0.00   52.53

23:26:15     CPU    %usr   %nice    %sys %iowait    %irq   %soft  %steal  %guest  %gnice   %idle
23:26:16     all    3.43    0.00   35.79    0.00    0.00    0.55    0.00    0.00    0.00   60.23
23:26:16       0    3.88    0.00   40.78    0.00    0.00    4.85    0.00    0.00    0.00   50.49
23:26:16       1    3.96    0.00   40.59    0.00    0.00    1.98    0.00    0.00    0.00   53.47
23:26:16       2    2.97    0.00   32.67    0.00    0.00    1.98    0.00    0.00    0.00   62.38
23:26:16       3    3.03    0.00   30.30    0.00    0.00    1.01    0.00    0.00    0.00   65.66
23:26:16       4    4.04    0.00   39.39    0.00    0.00    1.01    0.00    0.00    0.00   55.56
23:26:16       5    1.03    0.00   34.02    0.00    0.00    0.00    0.00    0.00    0.00   64.95
23:26:16       6    4.00    0.00   38.00    0.00    0.00    0.00    0.00    0.00    0.00   58.00
23:26:16       7    3.03    0.00   36.36    0.00    0.00    0.00    0.00    0.00    0.00   60.61
23:26:16       8    4.00    0.00   39.00    0.00    0.00    0.00    0.00    0.00    0.00   57.00
23:26:16       9    2.04    0.00   29.59    0.00    0.00    0.00    0.00    0.00    0.00   68.37
23:26:16      10    5.05    0.00   37.37    0.00    0.00    0.00    0.00    0.00    0.00   57.58
23:26:16      11    3.06    0.00   31.63    0.00    0.00    0.00    0.00    0.00    0.00   65.31
23:26:16      12    4.04    0.00   39.39    0.00    0.00    0.00    0.00    0.00    0.00   56.57
23:26:16      13    4.08    0.00   35.71    0.00    0.00    0.00    0.00    0.00    0.00   60.20
23:26:16      14    1.02    0.00   27.55    0.00    0.00    0.00    0.00    0.00    0.00   71.43
23:26:16      15    4.04    0.00   37.37    0.00    0.00    0.00    0.00    0.00    0.00   58.59
23:26:16      16    4.00    0.00   36.00    0.00    0.00    0.00    0.00    0.00    0.00   60.00
23:26:16      17    3.03    0.00   32.32    0.00    0.00    0.00    0.00    0.00    0.00   64.65
23:26:16      18    3.06    0.00   36.73    0.00    0.00    0.00    0.00    0.00    0.00   60.20
23:26:16      19    5.05    0.00   40.40    0.00    0.00    0.00    0.00    0.00    0.00   54.55

23:26:16     CPU    %usr   %nice    %sys %iowait    %irq   %soft  %steal  %guest  %gnice   %idle
23:26:17     all    2.98    0.00   38.85    0.00    0.00    0.55    0.00    0.00    0.00   57.62
23:26:17       0    3.85    0.00   41.35    0.00    0.00    5.77    0.00    0.00    0.00   49.04
23:26:17       1    2.94    0.00   41.18    0.00    0.00    1.96    0.00    0.00    0.00   53.92
23:26:17       2    3.00    0.00   37.00    0.00    0.00    1.00    0.00    0.00    0.00   59.00
23:26:17       3    2.06    0.00   42.27    0.00    0.00    0.00    0.00    0.00    0.00   55.67
23:26:17       4    2.04    0.00   32.65    0.00    0.00    0.00    0.00    0.00    0.00   65.31
23:26:17       5    3.00    0.00   36.00    0.00    0.00    1.00    0.00    0.00    0.00   60.00
23:26:17       6    2.02    0.00   32.32    0.00    0.00    1.01    0.00    0.00    0.00   64.65
23:26:17       7    2.02    0.00   33.33    0.00    0.00    0.00    0.00    0.00    0.00   64.65
23:26:17       8    3.06    0.00   41.84    0.00    0.00    0.00    0.00    0.00    0.00   55.10
23:26:17       9    3.00    0.00   40.00    0.00    0.00    0.00    0.00    0.00    0.00   57.00
23:26:17      10    3.06    0.00   42.86    0.00    0.00    0.00    0.00    0.00    0.00   54.08
23:26:17      11    3.03    0.00   43.43    0.00    0.00    0.00    0.00    0.00    0.00   53.54
23:26:17      12    2.04    0.00   36.73    0.00    0.00    0.00    0.00    0.00    0.00   61.22
23:26:17      13    5.05    0.00   42.42    0.00    0.00    0.00    0.00    0.00    0.00   52.53
23:26:17      14    4.04    0.00   37.37    0.00    0.00    0.00    0.00    0.00    0.00   58.59
23:26:17      15    4.08    0.00   43.88    0.00    0.00    0.00    0.00    0.00    0.00   52.04
23:26:17      16    3.06    0.00   45.92    0.00    0.00    0.00    0.00    0.00    0.00   51.02
23:26:17      17    3.03    0.00   32.32    0.00    0.00    0.00    0.00    0.00    0.00   64.65
23:26:17      18    2.04    0.00   40.82    0.00    0.00    0.00    0.00    0.00    0.00   57.14
23:26:17      19    3.03    0.00   33.33    0.00    0.00    0.00    0.00    0.00    0.00   63.64

23:26:17     CPU    %usr   %nice    %sys %iowait    %irq   %soft  %steal  %guest  %gnice   %idle
23:26:18     all    3.56    0.00   36.95    0.00    0.00    0.50    0.00    0.00    0.00   58.99
23:26:18       0    3.85    0.00   31.73    0.00    0.00    4.81    0.00    0.00    0.00   59.62
23:26:18       1    3.00    0.00   42.00    0.00    0.00    2.00    0.00    0.00    0.00   53.00
23:26:18       2    3.96    0.00   37.62    0.00    0.00    1.98    0.00    0.00    0.00   56.44
23:26:18       3    3.96    0.00   29.70    0.00    0.00    0.99    0.00    0.00    0.00   65.35
23:26:18       4    2.97    0.00   35.64    0.00    0.00    0.00    0.00    0.00    0.00   61.39
23:26:18       5    4.04    0.00   42.42    0.00    0.00    0.00    0.00    0.00    0.00   53.54
23:26:18       6    4.00    0.00   33.00    0.00    0.00    0.00    0.00    0.00    0.00   63.00
23:26:18       7    4.04    0.00   39.39    0.00    0.00    0.00    0.00    0.00    0.00   56.57
23:26:18       8    3.00    0.00   39.00    0.00    0.00    0.00    0.00    0.00    0.00   58.00
23:26:18       9    4.08    0.00   37.76    0.00    0.00    0.00    0.00    0.00    0.00   58.16
23:26:18      10    4.04    0.00   35.35    0.00    0.00    0.00    0.00    0.00    0.00   60.61
23:26:18      11    3.03    0.00   36.36    0.00    0.00    0.00    0.00    0.00    0.00   60.61
23:26:18      12    4.00    0.00   39.00    0.00    0.00    0.00    0.00    0.00    0.00   57.00
23:26:18      13    4.08    0.00   41.84    0.00    0.00    0.00    0.00    0.00    0.00   54.08
23:26:18      14    3.06    0.00   37.76    0.00    0.00    0.00    0.00    0.00    0.00   59.18
23:26:18      15    4.04    0.00   39.39    0.00    0.00    0.00    0.00    0.00    0.00   56.57
23:26:18      16    3.03    0.00   35.35    0.00    0.00    0.00    0.00    0.00    0.00   61.62
23:26:18      17    3.03    0.00   34.34    0.00    0.00    0.00    0.00    0.00    0.00   62.63
23:26:18      18    4.04    0.00   37.37    0.00    0.00    0.00    0.00    0.00    0.00   58.59
23:26:18      19    2.02    0.00   34.34    0.00    0.00    0.00    0.00    0.00    0.00   63.64

23:26:18     CPU    %usr   %nice    %sys %iowait    %irq   %soft  %steal  %guest  %gnice   %idle
23:26:19     all    3.44    0.00   38.05    0.00    0.00    0.51    0.00    0.00    0.00   58.01
23:26:19       0    2.97    0.00   37.62    0.00    0.00    3.96    0.00    0.00    0.00   55.45
23:26:19       1    2.97    0.00   36.63    0.00    0.00    2.97    0.00    0.00    0.00   57.43
23:26:19       2    5.00    0.00   42.00    0.00    0.00    1.00    0.00    0.00    0.00   52.00
23:26:19       3    2.02    0.00   34.34    0.00    0.00    1.01    0.00    0.00    0.00   62.63
23:26:19       4    4.08    0.00   39.80    0.00    0.00    1.02    0.00    0.00    0.00   55.10
23:26:19       5    3.06    0.00   36.73    0.00    0.00    0.00    0.00    0.00    0.00   60.20
23:26:19       6    3.03    0.00   29.29    0.00    0.00    0.00    0.00    0.00    0.00   67.68
23:26:19       7    3.03    0.00   35.35    0.00    0.00    0.00    0.00    0.00    0.00   61.62
23:26:19       8    3.06    0.00   36.73    0.00    0.00    0.00    0.00    0.00    0.00   60.20
23:26:19       9    3.03    0.00   38.38    0.00    0.00    0.00    0.00    0.00    0.00   58.59
23:26:19      10    4.04    0.00   40.40    0.00    0.00    0.00    0.00    0.00    0.00   55.56
23:26:19      11    3.03    0.00   35.35    0.00    0.00    0.00    0.00    0.00    0.00   61.62
23:26:19      12    4.08    0.00   44.90    0.00    0.00    0.00    0.00    0.00    0.00   51.02
23:26:19      13    3.09    0.00   40.21    0.00    0.00    0.00    0.00    0.00    0.00   56.70
23:26:19      14    2.00    0.00   35.00    0.00    0.00    0.00    0.00    0.00    0.00   63.00
23:26:19      15    5.05    0.00   39.39    0.00    0.00    0.00    0.00    0.00    0.00   55.56
23:26:19      16    3.06    0.00   38.78    0.00    0.00    0.00    0.00    0.00    0.00   58.16
23:26:19      17    4.04    0.00   38.38    0.00    0.00    0.00    0.00    0.00    0.00   57.58
23:26:19      18    3.03    0.00   37.37    0.00    0.00    0.00    0.00    0.00    0.00   59.60
23:26:19      19    5.05    0.00   44.44    0.00    0.00    0.00    0.00    0.00    0.00   50.51

23:26:19     CPU    %usr   %nice    %sys %iowait    %irq   %soft  %steal  %guest  %gnice   %idle
23:26:20     all    3.24    0.00   38.78    0.00    0.00    0.35    0.00    0.00    0.00   57.63
23:26:20       0    3.92    0.00   42.16    0.00    0.00    3.92    0.00    0.00    0.00   50.00
23:26:20       1    3.96    0.00   38.61    0.00    0.00    1.98    0.00    0.00    0.00   55.45
23:26:20       2    2.04    0.00   33.67    0.00    0.00    0.00    0.00    0.00    0.00   64.29
23:26:20       3    3.09    0.00   42.27    0.00    0.00    0.00    0.00    0.00    0.00   54.64
23:26:20       4    3.03    0.00   41.41    0.00    0.00    0.00    0.00    0.00    0.00   55.56
23:26:20       5    3.00    0.00   40.00    0.00    0.00    1.00    0.00    0.00    0.00   56.00
23:26:20       6    3.06    0.00   40.82    0.00    0.00    0.00    0.00    0.00    0.00   56.12
23:26:20       7    2.08    0.00   39.58    0.00    0.00    0.00    0.00    0.00    0.00   58.33
23:26:20       8    4.04    0.00   39.39    0.00    0.00    0.00    0.00    0.00    0.00   56.57
23:26:20       9    3.03    0.00   29.29    0.00    0.00    0.00    0.00    0.00    0.00   67.68
23:26:20      10    3.06    0.00   37.76    0.00    0.00    0.00    0.00    0.00    0.00   59.18
23:26:20      11    3.03    0.00   37.37    0.00    0.00    0.00    0.00    0.00    0.00   59.60
23:26:20      12    4.04    0.00   42.42    0.00    0.00    0.00    0.00    0.00    0.00   53.54
23:26:20      13    4.00    0.00   37.00    0.00    0.00    0.00    0.00    0.00    0.00   59.00
23:26:20      14    2.02    0.00   37.37    0.00    0.00    0.00    0.00    0.00    0.00   60.61
23:26:20      15    3.03    0.00   39.39    0.00    0.00    0.00    0.00    0.00    0.00   57.58
23:26:20      16    3.03    0.00   41.41    0.00    0.00    0.00    0.00    0.00    0.00   55.56
23:26:20      17    4.08    0.00   41.84    0.00    0.00    0.00    0.00    0.00    0.00   54.08
23:26:20      18    3.03    0.00   39.39    0.00    0.00    0.00    0.00    0.00    0.00   57.58
23:26:20      19    4.04    0.00   34.34    0.00    0.00    0.00    0.00    0.00    0.00   61.62

23:26:20     CPU    %usr   %nice    %sys %iowait    %irq   %soft  %steal  %guest  %gnice   %idle
23:26:21     all    2.98    0.00   38.52    0.00    0.00    0.46    0.00    0.00    0.00   58.04
23:26:21       0    2.91    0.00   33.98    0.00    0.00    3.88    0.00    0.00    0.00   59.22
23:26:21       1    3.92    0.00   46.08    0.00    0.00    3.92    0.00    0.00    0.00   46.08
23:26:21       2    3.00    0.00   36.00    0.00    0.00    1.00    0.00    0.00    0.00   60.00
23:26:21       3    2.02    0.00   40.40    0.00    0.00    0.00    0.00    0.00    0.00   57.58
23:26:21       4    3.06    0.00   41.84    0.00    0.00    0.00    0.00    0.00    0.00   55.10
23:26:21       5    3.06    0.00   37.76    0.00    0.00    0.00    0.00    0.00    0.00   59.18
23:26:21       6    4.04    0.00   43.43    0.00    0.00    0.00    0.00    0.00    0.00   52.53
23:26:21       7    4.08    0.00   41.84    0.00    0.00    0.00    0.00    0.00    0.00   54.08
23:26:21       8    3.09    0.00   40.21    0.00    0.00    0.00    0.00    0.00    0.00   56.70
23:26:21       9    2.02    0.00   39.39    0.00    0.00    0.00    0.00    0.00    0.00   58.59
23:26:21      10    2.04    0.00   32.65    0.00    0.00    0.00    0.00    0.00    0.00   65.31
23:26:21      11    3.00    0.00   34.00    0.00    0.00    0.00    0.00    0.00    0.00   63.00
23:26:21      12    2.04    0.00   40.82    0.00    0.00    0.00    0.00    0.00    0.00   57.14
23:26:21      13    4.08    0.00   43.88    0.00    0.00    0.00    0.00    0.00    0.00   52.04
23:26:21      14    3.03    0.00   38.38    0.00    0.00    0.00    0.00    0.00    0.00   58.59
23:26:21      15    3.03    0.00   31.31    0.00    0.00    0.00    0.00    0.00    0.00   65.66
23:26:21      16    3.09    0.00   45.36    0.00    0.00    0.00    0.00    0.00    0.00   51.55
23:26:21      17    3.03    0.00   29.29    0.00    0.00    0.00    0.00    0.00    0.00   67.68
23:26:21      18    3.03    0.00   35.35    0.00    0.00    0.00    0.00    0.00    0.00   61.62
23:26:21      19    2.04    0.00   38.78    0.00    0.00    0.00    0.00    0.00    0.00   59.18

23:26:21     CPU    %usr   %nice    %sys %iowait    %irq   %soft  %steal  %guest  %gnice   %idle
23:26:22     all    3.38    0.00   37.43    0.00    0.00    0.45    0.00    0.00    0.00   58.74
23:26:22       0    3.88    0.00   38.83    0.00    0.00    5.83    0.00    0.00    0.00   51.46
23:26:22       1    1.98    0.00   36.63    0.00    0.00    1.98    0.00    0.00    0.00   59.41
23:26:22       2    4.00    0.00   43.00    0.00    0.00    1.00    0.00    0.00    0.00   52.00
23:26:22       3    3.00    0.00   32.00    0.00    0.00    0.00    0.00    0.00    0.00   65.00
23:26:22       4    3.03    0.00   34.34    0.00    0.00    0.00    0.00    0.00    0.00   62.63
23:26:22       5    4.04    0.00   37.37    0.00    0.00    0.00    0.00    0.00    0.00   58.59
23:26:22       6    3.06    0.00   35.71    0.00    0.00    0.00    0.00    0.00    0.00   61.22
23:26:22       7    4.00    0.00   43.00    0.00    0.00    0.00    0.00    0.00    0.00   53.00
23:26:22       8    2.04    0.00   39.80    0.00    0.00    0.00    0.00    0.00    0.00   58.16
23:26:22       9    4.04    0.00   38.38    0.00    0.00    0.00    0.00    0.00    0.00   57.58
23:26:22      10    3.03    0.00   30.30    0.00    0.00    0.00    0.00    0.00    0.00   66.67
23:26:22      11    3.00    0.00   36.00    0.00    0.00    0.00    0.00    0.00    0.00   61.00
23:26:22      12    5.00    0.00   38.00    0.00    0.00    0.00    0.00    0.00    0.00   57.00
23:26:22      13    3.03    0.00   39.39    0.00    0.00    0.00    0.00    0.00    0.00   57.58
23:26:22      14    3.06    0.00   42.86    0.00    0.00    0.00    0.00    0.00    0.00   54.08
23:26:22      15    4.12    0.00   36.08    0.00    0.00    0.00    0.00    0.00    0.00   59.79
23:26:22      16    3.03    0.00   41.41    0.00    0.00    0.00    0.00    0.00    0.00   55.56
23:26:22      17    2.02    0.00   36.36    0.00    0.00    0.00    0.00    0.00    0.00   61.62
23:26:22      18    4.08    0.00   34.69    0.00    0.00    0.00    0.00    0.00    0.00   61.22
23:26:22      19    4.04    0.00   34.34    0.00    0.00    0.00    0.00    0.00    0.00   61.62

Average:     CPU    %usr   %nice    %sys %iowait    %irq   %soft  %steal  %guest  %gnice   %idle
Average:     all    3.31    0.00   37.92    0.00    0.00    0.48    0.00    0.00    0.00   58.29
Average:       0    3.59    0.00   37.86    0.00    0.00    4.66    0.00    0.00    0.00   53.88
Average:       1    3.27    0.00   40.14    0.00    0.00    2.28    0.00    0.00    0.00   54.31
Average:       2    3.30    0.00   37.34    0.00    0.00    1.10    0.00    0.00    0.00   58.26
Average:       3    2.93    0.00   36.83    0.00    0.00    0.50    0.00    0.00    0.00   59.74
Average:       4    3.33    0.00   37.84    0.00    0.00    0.30    0.00    0.00    0.00   58.53
Average:       5    3.24    0.00   37.04    0.00    0.00    0.20    0.00    0.00    0.00   59.51
Average:       6    3.04    0.00   35.43    0.00    0.00    0.10    0.00    0.00    0.00   61.44
Average:       7    3.24    0.00   38.60    0.00    0.00    0.10    0.00    0.00    0.00   58.05
Average:       8    3.46    0.00   40.35    0.00    0.00    0.00    0.00    0.00    0.00   56.20
Average:       9    3.04    0.00   35.53    0.00    0.00    0.00    0.00    0.00    0.00   61.44
Average:      10    3.34    0.00   37.59    0.00    0.00    0.00    0.00    0.00    0.00   59.07
Average:      11    3.12    0.00   36.59    0.00    0.00    0.00    0.00    0.00    0.00   60.28
Average:      12    3.55    0.00   40.43    0.00    0.00    0.00    0.00    0.00    0.00   56.03
Average:      13    4.06    0.00   40.16    0.00    0.00    0.00    0.00    0.00    0.00   55.78
Average:      14    2.73    0.00   36.54    0.00    0.00    0.00    0.00    0.00    0.00   60.73
Average:      15    3.86    0.00   38.98    0.00    0.00    0.00    0.00    0.00    0.00   57.16
Average:      16    3.15    0.00   39.80    0.00    0.00    0.00    0.00    0.00    0.00   57.06
Average:      17    3.04    0.00   34.72    0.00    0.00    0.10    0.00    0.00    0.00   62.15
Average:      18    3.25    0.00   38.17    0.00    0.00    0.00    0.00    0.00    0.00   58.58
Average:      19    3.74    0.00   38.42    0.00    0.00    0.00    0.00    0.00    0.00   57.84
