Linux 6.8.0-138-generic (snapshots-gpu-mi300x1-192gb-devcloud-atl1) 	10/06/26 	_x86_64_	(20 CPU)

23:27:54     CPU    %usr   %nice    %sys %iowait    %irq   %soft  %steal  %guest  %gnice   %idle
23:27:55     all    4.09    0.00   43.26    0.00    0.00    0.56    0.00    0.00    0.00   52.09
23:27:55       0    4.81    0.00   40.38    0.00    0.00    4.81    0.00    0.00    0.00   50.00
23:27:55       1    3.96    0.00   39.60    0.00    0.00    2.97    0.00    0.00    0.00   53.47
23:27:55       2    4.00    0.00   45.00    0.00    0.00    1.00    0.00    0.00    0.00   50.00
23:27:55       3    2.04    0.00   36.73    0.00    0.00    1.02    0.00    0.00    0.00   60.20
23:27:55       4    5.10    0.00   48.98    0.00    0.00    1.02    0.00    0.00    0.00   44.90
23:27:55       5    4.04    0.00   38.38    0.00    0.00    0.00    0.00    0.00    0.00   57.58
23:27:55       6    5.05    0.00   49.49    0.00    0.00    0.00    0.00    0.00    0.00   45.45
23:27:55       7    2.06    0.00   42.27    0.00    0.00    0.00    0.00    0.00    0.00   55.67
23:27:55       8    5.00    0.00   48.00    0.00    0.00    0.00    0.00    0.00    0.00   47.00
23:27:55       9    5.05    0.00   43.43    0.00    0.00    0.00    0.00    0.00    0.00   51.52
23:27:55      10    4.04    0.00   44.44    0.00    0.00    0.00    0.00    0.00    0.00   51.52
23:27:55      11    4.04    0.00   39.39    0.00    0.00    0.00    0.00    0.00    0.00   56.57
23:27:55      12    3.06    0.00   40.82    0.00    0.00    0.00    0.00    0.00    0.00   56.12
23:27:55      13    4.08    0.00   39.80    0.00    0.00    0.00    0.00    0.00    0.00   56.12
23:27:55      14    2.02    0.00   35.35    0.00    0.00    0.00    0.00    0.00    0.00   62.63
23:27:55      15    3.03    0.00   36.36    0.00    0.00    0.00    0.00    0.00    0.00   60.61
23:27:55      16    5.05    0.00   52.53    0.00    0.00    0.00    0.00    0.00    0.00   42.42
23:27:55      17    5.00    0.00   47.00    0.00    0.00    0.00    0.00    0.00    0.00   48.00
23:27:55      18    3.09    0.00   49.48    0.00    0.00    0.00    0.00    0.00    0.00   47.42
23:27:55      19    7.14    0.00   47.96    0.00    0.00    0.00    0.00    0.00    0.00   44.90

23:27:55     CPU    %usr   %nice    %sys %iowait    %irq   %soft  %steal  %guest  %gnice   %idle
23:27:56     all    3.99    0.00   43.82    0.00    0.00    0.50    0.00    0.00    0.00   51.69
23:27:56       0    3.85    0.00   41.35    0.00    0.00    5.77    0.00    0.00    0.00   49.04
23:27:56       1    4.04    0.00   38.38    0.00    0.00    1.01    0.00    0.00    0.00   56.57
23:27:56       2    5.05    0.00   46.46    0.00    0.00    1.01    0.00    0.00    0.00   47.47
23:27:56       3    4.95    0.00   40.59    0.00    0.00    0.99    0.00    0.00    0.00   53.47
23:27:56       4    4.00    0.00   46.00    0.00    0.00    0.00    0.00    0.00    0.00   50.00
23:27:56       5    2.04    0.00   35.71    0.00    0.00    0.00    0.00    0.00    0.00   62.24
23:27:56       6    4.00    0.00   47.00    0.00    0.00    0.00    0.00    0.00    0.00   49.00
23:27:56       7    5.10    0.00   44.90    0.00    0.00    0.00    0.00    0.00    0.00   50.00
23:27:56       8    4.08    0.00   39.80    0.00    0.00    0.00    0.00    0.00    0.00   56.12
23:27:56       9    4.08    0.00   46.94    0.00    0.00    0.00    0.00    0.00    0.00   48.98
23:27:56      10    3.03    0.00   32.32    0.00    0.00    0.00    0.00    0.00    0.00   64.65
23:27:56      11    3.06    0.00   45.92    0.00    0.00    0.00    0.00    0.00    0.00   51.02
23:27:56      12    3.03    0.00   46.46    0.00    0.00    0.00    0.00    0.00    0.00   50.51
23:27:56      13    5.05    0.00   50.51    0.00    0.00    0.00    0.00    0.00    0.00   44.44
23:27:56      14    4.12    0.00   46.39    0.00    0.00    0.00    0.00    0.00    0.00   49.48
23:27:56      15    4.08    0.00   35.71    0.00    0.00    0.00    0.00    0.00    0.00   60.20
23:27:56      16    5.10    0.00   46.94    0.00    0.00    0.00    0.00    0.00    0.00   47.96
23:27:56      17    4.08    0.00   48.98    0.00    0.00    0.00    0.00    0.00    0.00   46.94
23:27:56      18    3.03    0.00   48.48    0.00    0.00    0.00    0.00    0.00    0.00   48.48
23:27:56      19    3.96    0.00   47.52    0.00    0.00    0.99    0.00    0.00    0.00   47.52

23:27:56     CPU    %usr   %nice    %sys %iowait    %irq   %soft  %steal  %guest  %gnice   %idle
23:27:57     all    4.27    0.00   43.07    0.00    0.00    0.60    0.00    0.00    0.00   52.06
23:27:57       0    4.85    0.00   35.92    0.00    0.00    4.85    0.00    0.00    0.00   54.37
23:27:57       1    3.96    0.00   41.58    0.00    0.00    1.98    0.00    0.00    0.00   52.48
23:27:57       2    2.97    0.00   42.57    0.00    0.00    0.99    0.00    0.00    0.00   53.47
23:27:57       3    5.00    0.00   45.00    0.00    0.00    1.00    0.00    0.00    0.00   49.00
23:27:57       4    4.04    0.00   37.37    0.00    0.00    1.01    0.00    0.00    0.00   57.58
23:27:57       5    6.06    0.00   48.48    0.00    0.00    0.00    0.00    0.00    0.00   45.45
23:27:57       6    5.05    0.00   36.36    0.00    0.00    0.00    0.00    0.00    0.00   58.59
23:27:57       7    3.96    0.00   39.60    0.00    0.00    0.00    0.00    0.00    0.00   56.44
23:27:57       8    5.00    0.00   46.00    0.00    0.00    0.00    0.00    0.00    0.00   49.00
23:27:57       9    4.00    0.00   47.00    0.00    0.00    1.00    0.00    0.00    0.00   48.00
23:27:57      10    4.12    0.00   45.36    0.00    0.00    0.00    0.00    0.00    0.00   50.52
23:27:57      11    3.00    0.00   39.00    0.00    0.00    1.00    0.00    0.00    0.00   57.00
23:27:57      12    4.04    0.00   46.46    0.00    0.00    0.00    0.00    0.00    0.00   49.49
23:27:57      13    4.08    0.00   47.96    0.00    0.00    0.00    0.00    0.00    0.00   47.96
23:27:57      14    7.07    0.00   45.45    0.00    0.00    0.00    0.00    0.00    0.00   47.47
23:27:57      15    4.04    0.00   40.40    0.00    0.00    0.00    0.00    0.00    0.00   55.56
23:27:57      16    3.06    0.00   45.92    0.00    0.00    0.00    0.00    0.00    0.00   51.02
23:27:57      17    4.00    0.00   44.00    0.00    0.00    0.00    0.00    0.00    0.00   52.00
23:27:57      18    5.05    0.00   44.44    0.00    0.00    0.00    0.00    0.00    0.00   50.51
23:27:57      19    2.04    0.00   42.86    0.00    0.00    0.00    0.00    0.00    0.00   55.10

23:27:57     CPU    %usr   %nice    %sys %iowait    %irq   %soft  %steal  %guest  %gnice   %idle
23:27:58     all    3.79    0.00   41.56    0.00    0.00    0.51    0.00    0.00    0.00   54.15
23:27:58       0    3.88    0.00   44.66    0.00    0.00    4.85    0.00    0.00    0.00   46.60
23:27:58       1    3.00    0.00   37.00    0.00    0.00    2.00    0.00    0.00    0.00   58.00
23:27:58       2    5.05    0.00   41.41    0.00    0.00    1.01    0.00    0.00    0.00   52.53
23:27:58       3    2.04    0.00   41.84    0.00    0.00    0.00    0.00    0.00    0.00   56.12
23:27:58       4    4.12    0.00   40.21    0.00    0.00    0.00    0.00    0.00    0.00   55.67
23:27:58       5    4.00    0.00   41.00    0.00    0.00    1.00    0.00    0.00    0.00   54.00
23:27:58       6    3.06    0.00   47.96    0.00    0.00    0.00    0.00    0.00    0.00   48.98
23:27:58       7    3.06    0.00   36.73    0.00    0.00    1.02    0.00    0.00    0.00   59.18
23:27:58       8    4.04    0.00   43.43    0.00    0.00    0.00    0.00    0.00    0.00   52.53
23:27:58       9    3.00    0.00   38.00    0.00    0.00    0.00    0.00    0.00    0.00   59.00
23:27:58      10    4.08    0.00   46.94    0.00    0.00    0.00    0.00    0.00    0.00   48.98
23:27:58      11    6.12    0.00   48.98    0.00    0.00    0.00    0.00    0.00    0.00   44.90
23:27:58      12    3.03    0.00   33.33    0.00    0.00    0.00    0.00    0.00    0.00   63.64
23:27:58      13    3.06    0.00   44.90    0.00    0.00    0.00    0.00    0.00    0.00   52.04
23:27:58      14    5.05    0.00   44.44    0.00    0.00    0.00    0.00    0.00    0.00   50.51
23:27:58      15    4.08    0.00   48.98    0.00    0.00    0.00    0.00    0.00    0.00   46.94
23:27:58      16    6.06    0.00   40.40    0.00    0.00    0.00    0.00    0.00    0.00   53.54
23:27:58      17    2.00    0.00   25.00    0.00    0.00    0.00    0.00    0.00    0.00   73.00
23:27:58      18    4.04    0.00   41.41    0.00    0.00    0.00    0.00    0.00    0.00   54.55
23:27:58      19    3.06    0.00   44.90    0.00    0.00    0.00    0.00    0.00    0.00   52.04

23:27:58     CPU    %usr   %nice    %sys %iowait    %irq   %soft  %steal  %guest  %gnice   %idle
23:27:59     all    3.84    0.00   43.46    0.00    0.00    0.61    0.00    0.00    0.00   52.09
23:27:59       0    7.62    0.00   43.81    0.00    0.00    5.71    0.00    0.00    0.00   42.86
23:27:59       1    5.94    0.00   40.59    0.00    0.00    1.98    0.00    0.00    0.00   51.49
23:27:59       2    2.04    0.00   46.94    0.00    0.00    1.02    0.00    0.00    0.00   50.00
23:27:59       3    3.00    0.00   49.00    0.00    0.00    1.00    0.00    0.00    0.00   47.00
23:27:59       4    3.00    0.00   43.00    0.00    0.00    1.00    0.00    0.00    0.00   53.00
23:27:59       5    4.04    0.00   42.42    0.00    0.00    0.00    0.00    0.00    0.00   53.54
23:27:59       6    4.12    0.00   47.42    0.00    0.00    0.00    0.00    0.00    0.00   48.45
23:27:59       7    4.04    0.00   43.43    0.00    0.00    0.00    0.00    0.00    0.00   52.53
23:27:59       8    1.01    0.00   40.40    0.00    0.00    1.01    0.00    0.00    0.00   57.58
23:27:59       9    4.08    0.00   44.90    0.00    0.00    0.00    0.00    0.00    0.00   51.02
23:27:59      10    5.15    0.00   47.42    0.00    0.00    0.00    0.00    0.00    0.00   47.42
23:27:59      11    4.04    0.00   44.44    0.00    0.00    0.00    0.00    0.00    0.00   51.52
23:27:59      12    3.03    0.00   44.44    0.00    0.00    0.00    0.00    0.00    0.00   52.53
23:27:59      13    5.00    0.00   47.00    0.00    0.00    0.00    0.00    0.00    0.00   48.00
23:27:59      14    4.08    0.00   36.73    0.00    0.00    0.00    0.00    0.00    0.00   59.18
23:27:59      15    3.06    0.00   39.80    0.00    0.00    0.00    0.00    0.00    0.00   57.14
23:27:59      16    3.03    0.00   39.39    0.00    0.00    0.00    0.00    0.00    0.00   57.58
23:27:59      17    2.06    0.00   38.14    0.00    0.00    0.00    0.00    0.00    0.00   59.79
23:27:59      18    2.06    0.00   43.30    0.00    0.00    0.00    0.00    0.00    0.00   54.64
23:27:59      19    5.94    0.00   46.53    0.00    0.00    0.00    0.00    0.00    0.00   47.52

23:27:59     CPU    %usr   %nice    %sys %iowait    %irq   %soft  %steal  %guest  %gnice   %idle
23:28:00     all    4.19    0.00   44.13    0.00    0.00    0.61    0.00    0.00    0.00   51.08
23:28:00       0    3.88    0.00   38.83    0.00    0.00    3.88    0.00    0.00    0.00   53.40
23:28:00       1    2.94    0.00   48.04    0.00    0.00    2.94    0.00    0.00    0.00   46.08
23:28:00       2    3.88    0.00   41.75    0.00    0.00    1.94    0.00    0.00    0.00   52.43
23:28:00       3    4.04    0.00   46.46    0.00    0.00    1.01    0.00    0.00    0.00   48.48
23:28:00       4    4.00    0.00   46.00    0.00    0.00    1.00    0.00    0.00    0.00   49.00
23:28:00       5    3.03    0.00   44.44    0.00    0.00    1.01    0.00    0.00    0.00   51.52
23:28:00       6    4.04    0.00   47.47    0.00    0.00    0.00    0.00    0.00    0.00   48.48
23:28:00       7    4.04    0.00   38.38    0.00    0.00    0.00    0.00    0.00    0.00   57.58
23:28:00       8    7.22    0.00   50.52    0.00    0.00    0.00    0.00    0.00    0.00   42.27
23:28:00       9    4.08    0.00   42.86    0.00    0.00    0.00    0.00    0.00    0.00   53.06
23:28:00      10    4.08    0.00   41.84    0.00    0.00    0.00    0.00    0.00    0.00   54.08
23:28:00      11    4.04    0.00   50.51    0.00    0.00    0.00    0.00    0.00    0.00   45.45
23:28:00      12    2.04    0.00   36.73    0.00    0.00    0.00    0.00    0.00    0.00   61.22
23:28:00      13    5.05    0.00   44.44    0.00    0.00    0.00    0.00    0.00    0.00   50.51
23:28:00      14    4.08    0.00   44.90    0.00    0.00    0.00    0.00    0.00    0.00   51.02
23:28:00      15    4.08    0.00   46.94    0.00    0.00    0.00    0.00    0.00    0.00   48.98
23:28:00      16    3.06    0.00   44.90    0.00    0.00    0.00    0.00    0.00    0.00   52.04
23:28:00      17    8.00    0.00   39.00    0.00    0.00    0.00    0.00    0.00    0.00   53.00
23:28:00      18    4.04    0.00   40.40    0.00    0.00    0.00    0.00    0.00    0.00   55.56
23:28:00      19    4.12    0.00   48.45    0.00    0.00    0.00    0.00    0.00    0.00   47.42

23:28:00     CPU    %usr   %nice    %sys %iowait    %irq   %soft  %steal  %guest  %gnice   %idle
23:28:01     all    4.03    0.00   44.25    0.00    0.00    0.50    0.00    0.00    0.00   51.21
23:28:01       0    3.88    0.00   43.69    0.00    0.00    4.85    0.00    0.00    0.00   47.57
23:28:01       1    3.96    0.00   42.57    0.00    0.00    1.98    0.00    0.00    0.00   51.49
23:28:01       2    4.04    0.00   47.47    0.00    0.00    1.01    0.00    0.00    0.00   47.47
23:28:01       3    3.00    0.00   45.00    0.00    0.00    1.00    0.00    0.00    0.00   51.00
23:28:01       4    3.03    0.00   48.48    0.00    0.00    0.00    0.00    0.00    0.00   48.48
23:28:01       5    5.05    0.00   43.43    0.00    0.00    0.00    0.00    0.00    0.00   51.52
23:28:01       6    3.00    0.00   34.00    0.00    0.00    1.00    0.00    0.00    0.00   62.00
23:28:01       7    5.05    0.00   43.43    0.00    0.00    0.00    0.00    0.00    0.00   51.52
23:28:01       8    4.04    0.00   45.45    0.00    0.00    0.00    0.00    0.00    0.00   50.51
23:28:01       9    6.06    0.00   49.49    0.00    0.00    0.00    0.00    0.00    0.00   44.44
23:28:01      10    5.00    0.00   47.00    0.00    0.00    0.00    0.00    0.00    0.00   48.00
23:28:01      11    4.08    0.00   41.84    0.00    0.00    0.00    0.00    0.00    0.00   54.08
23:28:01      12    4.00    0.00   45.00    0.00    0.00    0.00    0.00    0.00    0.00   51.00
23:28:01      13    4.04    0.00   47.47    0.00    0.00    0.00    0.00    0.00    0.00   48.48
23:28:01      14    5.10    0.00   44.90    0.00    0.00    0.00    0.00    0.00    0.00   50.00
23:28:01      15    3.03    0.00   40.40    0.00    0.00    0.00    0.00    0.00    0.00   56.57
23:28:01      16    3.06    0.00   42.86    0.00    0.00    0.00    0.00    0.00    0.00   54.08
23:28:01      17    2.06    0.00   39.18    0.00    0.00    0.00    0.00    0.00    0.00   58.76
23:28:01      18    6.06    0.00   47.47    0.00    0.00    0.00    0.00    0.00    0.00   46.46
23:28:01      19    3.06    0.00   45.92    0.00    0.00    0.00    0.00    0.00    0.00   51.02

23:28:01     CPU    %usr   %nice    %sys %iowait    %irq   %soft  %steal  %guest  %gnice   %idle
23:28:02     all    3.59    0.00   43.07    0.00    0.00    0.66    0.00    0.00    0.00   52.68
23:28:02       0    4.76    0.00   43.81    0.00    0.00    6.67    0.00    0.00    0.00   44.76
23:28:02       1    1.98    0.00   35.64    0.00    0.00    2.97    0.00    0.00    0.00   59.41
23:28:02       2    4.04    0.00   44.44    0.00    0.00    2.02    0.00    0.00    0.00   49.49
23:28:02       3    3.03    0.00   44.44    0.00    0.00    1.01    0.00    0.00    0.00   51.52
23:28:02       4    4.04    0.00   42.42    0.00    0.00    0.00    0.00    0.00    0.00   53.54
23:28:02       5    3.09    0.00   49.48    0.00    0.00    0.00    0.00    0.00    0.00   47.42
23:28:02       6    4.08    0.00   44.90    0.00    0.00    0.00    0.00    0.00    0.00   51.02
23:28:02       7    4.08    0.00   46.94    0.00    0.00    0.00    0.00    0.00    0.00   48.98
23:28:02       8    1.02    0.00   28.57    0.00    0.00    0.00    0.00    0.00    0.00   70.41
23:28:02       9    3.06    0.00   43.88    0.00    0.00    0.00    0.00    0.00    0.00   53.06
23:28:02      10    5.05    0.00   48.48    0.00    0.00    0.00    0.00    0.00    0.00   46.46
23:28:02      11    4.04    0.00   44.44    0.00    0.00    0.00    0.00    0.00    0.00   51.52
23:28:02      12    4.08    0.00   40.82    0.00    0.00    0.00    0.00    0.00    0.00   55.10
23:28:02      13    3.09    0.00   45.36    0.00    0.00    0.00    0.00    0.00    0.00   51.55
23:28:02      14    4.08    0.00   41.84    0.00    0.00    0.00    0.00    0.00    0.00   54.08
23:28:02      15    3.03    0.00   40.40    0.00    0.00    0.00    0.00    0.00    0.00   56.57
23:28:02      16    4.04    0.00   42.42    0.00    0.00    0.00    0.00    0.00    0.00   53.54
23:28:02      17    3.03    0.00   40.40    0.00    0.00    0.00    0.00    0.00    0.00   56.57
23:28:02      18    4.04    0.00   44.44    0.00    0.00    0.00    0.00    0.00    0.00   51.52
23:28:02      19    4.04    0.00   48.48    0.00    0.00    0.00    0.00    0.00    0.00   47.47

23:28:02     CPU    %usr   %nice    %sys %iowait    %irq   %soft  %steal  %guest  %gnice   %idle
23:28:03     all    3.92    0.00   44.02    0.00    0.00    0.75    0.00    0.00    0.00   51.31
23:28:03       0    4.81    0.00   45.19    0.00    0.00    5.77    0.00    0.00    0.00   44.23
23:28:03       1    4.90    0.00   45.10    0.00    0.00    3.92    0.00    0.00    0.00   46.08
23:28:03       2    4.04    0.00   47.47    0.00    0.00    1.01    0.00    0.00    0.00   47.47
23:28:03       3    4.00    0.00   43.00    0.00    0.00    1.00    0.00    0.00    0.00   52.00
23:28:03       4    3.00    0.00   49.00    0.00    0.00    2.00    0.00    0.00    0.00   46.00
23:28:03       5    6.00    0.00   52.00    0.00    0.00    1.00    0.00    0.00    0.00   41.00
23:28:03       6    3.03    0.00   46.46    0.00    0.00    0.00    0.00    0.00    0.00   50.51
23:28:03       7    4.00    0.00   43.00    0.00    0.00    0.00    0.00    0.00    0.00   53.00
23:28:03       8    4.04    0.00   36.36    0.00    0.00    0.00    0.00    0.00    0.00   59.60
23:28:03       9    4.04    0.00   44.44    0.00    0.00    0.00    0.00    0.00    0.00   51.52
23:28:03      10    5.10    0.00   48.98    0.00    0.00    0.00    0.00    0.00    0.00   45.92
23:28:03      11    4.08    0.00   35.71    0.00    0.00    0.00    0.00    0.00    0.00   60.20
23:28:03      12    2.04    0.00   38.78    0.00    0.00    0.00    0.00    0.00    0.00   59.18
23:28:03      13    3.00    0.00   38.00    0.00    0.00    0.00    0.00    0.00    0.00   59.00
23:28:03      14    4.00    0.00   38.00    0.00    0.00    0.00    0.00    0.00    0.00   58.00
23:28:03      15    4.04    0.00   42.42    0.00    0.00    0.00    0.00    0.00    0.00   53.54
23:28:03      16    2.04    0.00   43.88    0.00    0.00    0.00    0.00    0.00    0.00   54.08
23:28:03      17    3.03    0.00   43.43    0.00    0.00    0.00    0.00    0.00    0.00   53.54
23:28:03      18    5.00    0.00   44.00    0.00    0.00    0.00    0.00    0.00    0.00   51.00
23:28:03      19    4.08    0.00   55.10    0.00    0.00    0.00    0.00    0.00    0.00   40.82

23:28:03     CPU    %usr   %nice    %sys %iowait    %irq   %soft  %steal  %guest  %gnice   %idle
23:28:04     all    4.02    0.00   44.06    0.00    0.00    0.70    0.00    0.00    0.00   51.21
23:28:04       0    2.91    0.00   48.54    0.00    0.00    4.85    0.00    0.00    0.00   43.69
23:28:04       1    3.92    0.00   44.12    0.00    0.00    3.92    0.00    0.00    0.00   48.04
23:28:04       2    2.97    0.00   44.55    0.00    0.00    1.98    0.00    0.00    0.00   50.50
23:28:04       3    5.05    0.00   49.49    0.00    0.00    1.01    0.00    0.00    0.00   44.44
23:28:04       4    4.00    0.00   45.00    0.00    0.00    1.00    0.00    0.00    0.00   50.00
23:28:04       5    3.00    0.00   44.00    0.00    0.00    1.00    0.00    0.00    0.00   52.00
23:28:04       6    3.06    0.00   48.98    0.00    0.00    0.00    0.00    0.00    0.00   47.96
23:28:04       7    5.00    0.00   42.00    0.00    0.00    0.00    0.00    0.00    0.00   53.00
23:28:04       8    2.00    0.00   36.00    0.00    0.00    0.00    0.00    0.00    0.00   62.00
23:28:04       9    4.04    0.00   43.43    0.00    0.00    0.00    0.00    0.00    0.00   52.53
23:28:04      10    2.06    0.00   39.18    0.00    0.00    0.00    0.00    0.00    0.00   58.76
23:28:04      11    4.04    0.00   47.47    0.00    0.00    0.00    0.00    0.00    0.00   48.48
23:28:04      12    5.05    0.00   39.39    0.00    0.00    0.00    0.00    0.00    0.00   55.56
23:28:04      13    5.05    0.00   49.49    0.00    0.00    0.00    0.00    0.00    0.00   45.45
23:28:04      14    4.04    0.00   42.42    0.00    0.00    0.00    0.00    0.00    0.00   53.54
23:28:04      15    3.03    0.00   37.37    0.00    0.00    0.00    0.00    0.00    0.00   59.60
23:28:04      16    5.05    0.00   40.40    0.00    0.00    0.00    0.00    0.00    0.00   54.55
23:28:04      17    6.06    0.00   42.42    0.00    0.00    0.00    0.00    0.00    0.00   51.52
23:28:04      18    6.19    0.00   49.48    0.00    0.00    0.00    0.00    0.00    0.00   44.33
23:28:04      19    4.04    0.00   47.47    0.00    0.00    0.00    0.00    0.00    0.00   48.48

Average:     CPU    %usr   %nice    %sys %iowait    %irq   %soft  %steal  %guest  %gnice   %idle
Average:     all    3.97    0.00   43.47    0.00    0.00    0.60    0.00    0.00    0.00   51.96
Average:       0    4.53    0.00   42.62    0.00    0.00    5.21    0.00    0.00    0.00   47.64
Average:       1    3.86    0.00   41.29    0.00    0.00    2.57    0.00    0.00    0.00   52.28
Average:       2    3.81    0.00   44.79    0.00    0.00    1.30    0.00    0.00    0.00   50.10
Average:       3    3.62    0.00   44.16    0.00    0.00    0.91    0.00    0.00    0.00   51.31
Average:       4    3.83    0.00   44.66    0.00    0.00    0.71    0.00    0.00    0.00   50.81
Average:       5    4.04    0.00   43.94    0.00    0.00    0.40    0.00    0.00    0.00   51.62
Average:       6    3.85    0.00   44.98    0.00    0.00    0.10    0.00    0.00    0.00   51.06
Average:       7    4.04    0.00   42.06    0.00    0.00    0.10    0.00    0.00    0.00   53.79
Average:       8    3.74    0.00   41.46    0.00    0.00    0.10    0.00    0.00    0.00   54.70
Average:       9    4.15    0.00   44.43    0.00    0.00    0.10    0.00    0.00    0.00   51.32
Average:      10    4.18    0.00   44.20    0.00    0.00    0.00    0.00    0.00    0.00   51.63
Average:      11    4.05    0.00   43.77    0.00    0.00    0.10    0.00    0.00    0.00   52.08
Average:      12    3.34    0.00   41.24    0.00    0.00    0.00    0.00    0.00    0.00   55.42
Average:      13    4.15    0.00   45.49    0.00    0.00    0.00    0.00    0.00    0.00   50.35
Average:      14    4.37    0.00   42.03    0.00    0.00    0.00    0.00    0.00    0.00   53.60
Average:      15    3.55    0.00   40.87    0.00    0.00    0.00    0.00    0.00    0.00   55.58
Average:      16    3.96    0.00   43.96    0.00    0.00    0.00    0.00    0.00    0.00   52.08
Average:      17    3.94    0.00   40.75    0.00    0.00    0.00    0.00    0.00    0.00   55.31
Average:      18    4.26    0.00   45.28    0.00    0.00    0.00    0.00    0.00    0.00   50.46
Average:      19    4.15    0.00   47.52    0.00    0.00    0.10    0.00    0.00    0.00   48.23
