Linux 6.8.0-138-generic (snapshots-gpu-mi300x1-192gb-devcloud-atl1) 	10/07/26 	_x86_64_	(20 CPU)

15:33:31     CPU    %usr   %nice    %sys %iowait    %irq   %soft  %steal  %guest  %gnice   %idle
15:33:32     all    3.75    0.00   44.31    0.00    0.00    0.75    0.00    0.00    0.00   51.20
15:33:32       0    1.90    0.00   43.81    0.00    0.00    6.67    0.00    0.00    0.00   47.62
15:33:32       1    4.85    0.00   40.78    0.00    0.00    3.88    0.00    0.00    0.00   50.49
15:33:32       2    5.83    0.00   45.63    0.00    0.00    2.91    0.00    0.00    0.00   45.63
15:33:32       3    4.04    0.00   52.53    0.00    0.00    0.00    0.00    0.00    0.00   43.43
15:33:32       4    4.00    0.00   46.00    0.00    0.00    1.00    0.00    0.00    0.00   49.00
15:33:32       5    3.03    0.00   45.45    0.00    0.00    0.00    0.00    0.00    0.00   51.52
15:33:32       6    5.00    0.00   48.00    0.00    0.00    0.00    0.00    0.00    0.00   47.00
15:33:32       7    4.00    0.00   49.00    0.00    0.00    0.00    0.00    0.00    0.00   47.00
15:33:32       8    2.02    0.00   40.40    0.00    0.00    0.00    0.00    0.00    0.00   57.58
15:33:32       9    4.04    0.00   43.43    0.00    0.00    0.00    0.00    0.00    0.00   52.53
15:33:32      10    4.04    0.00   40.40    0.00    0.00    0.00    0.00    0.00    0.00   55.56
15:33:32      11    6.06    0.00   45.45    0.00    0.00    0.00    0.00    0.00    0.00   48.48
15:33:32      12    2.97    0.00   42.57    0.00    0.00    0.00    0.00    0.00    0.00   54.46
15:33:32      13    3.00    0.00   35.00    0.00    0.00    0.00    0.00    0.00    0.00   62.00
15:33:32      14    3.03    0.00   40.40    0.00    0.00    0.00    0.00    0.00    0.00   56.57
15:33:32      15    4.04    0.00   50.51    0.00    0.00    0.00    0.00    0.00    0.00   45.45
15:33:32      16    3.00    0.00   41.00    0.00    0.00    0.00    0.00    0.00    0.00   56.00
15:33:32      17    4.00    0.00   46.00    0.00    0.00    0.00    0.00    0.00    0.00   50.00
15:33:32      18    4.04    0.00   50.51    0.00    0.00    0.00    0.00    0.00    0.00   45.45
15:33:32      19    2.02    0.00   39.39    0.00    0.00    0.00    0.00    0.00    0.00   58.59

15:33:32     CPU    %usr   %nice    %sys %iowait    %irq   %soft  %steal  %guest  %gnice   %idle
15:33:33     all    3.91    0.00   42.72    0.00    0.00    0.61    0.00    0.00    0.00   52.77
15:33:33       0    3.85    0.00   39.42    0.00    0.00    4.81    0.00    0.00    0.00   51.92
15:33:33       1    3.00    0.00   43.00    0.00    0.00    2.00    0.00    0.00    0.00   52.00
15:33:33       2    4.00    0.00   42.00    0.00    0.00    1.00    0.00    0.00    0.00   53.00
15:33:33       3    4.04    0.00   41.41    0.00    0.00    2.02    0.00    0.00    0.00   52.53
15:33:33       4    4.08    0.00   47.96    0.00    0.00    0.00    0.00    0.00    0.00   47.96
15:33:33       5    5.15    0.00   47.42    0.00    0.00    0.00    0.00    0.00    0.00   47.42
15:33:33       6    3.06    0.00   39.80    0.00    0.00    1.02    0.00    0.00    0.00   56.12
15:33:33       7    4.08    0.00   45.92    0.00    0.00    0.00    0.00    0.00    0.00   50.00
15:33:33       8    3.03    0.00   44.44    0.00    0.00    0.00    0.00    0.00    0.00   52.53
15:33:33       9    4.08    0.00   39.80    0.00    0.00    0.00    0.00    0.00    0.00   56.12
15:33:33      10    3.06    0.00   34.69    0.00    0.00    0.00    0.00    0.00    0.00   62.24
15:33:33      11    5.05    0.00   43.43    0.00    0.00    1.01    0.00    0.00    0.00   50.51
15:33:33      12    4.08    0.00   40.82    0.00    0.00    0.00    0.00    0.00    0.00   55.10
15:33:33      13    3.06    0.00   39.80    0.00    0.00    0.00    0.00    0.00    0.00   57.14
15:33:33      14    4.08    0.00   43.88    0.00    0.00    0.00    0.00    0.00    0.00   52.04
15:33:33      15    5.05    0.00   47.47    0.00    0.00    0.00    0.00    0.00    0.00   47.47
15:33:33      16    2.08    0.00   41.67    0.00    0.00    0.00    0.00    0.00    0.00   56.25
15:33:33      17    4.12    0.00   46.39    0.00    0.00    0.00    0.00    0.00    0.00   49.48
15:33:33      18    4.08    0.00   43.88    0.00    0.00    0.00    0.00    0.00    0.00   52.04
15:33:33      19    5.05    0.00   41.41    0.00    0.00    0.00    0.00    0.00    0.00   53.54

15:33:33     CPU    %usr   %nice    %sys %iowait    %irq   %soft  %steal  %guest  %gnice   %idle
15:33:34     all    3.99    0.00   42.60    0.00    0.00    0.40    0.00    0.00    0.00   53.00
15:33:34       0    2.94    0.00   36.27    0.00    0.00    3.92    0.00    0.00    0.00   56.86
15:33:34       1    3.92    0.00   47.06    0.00    0.00    2.94    0.00    0.00    0.00   46.08
15:33:34       2    2.02    0.00   37.37    0.00    0.00    1.01    0.00    0.00    0.00   59.60
15:33:34       3    3.06    0.00   46.94    0.00    0.00    0.00    0.00    0.00    0.00   50.00
15:33:34       4    4.04    0.00   40.40    0.00    0.00    0.00    0.00    0.00    0.00   55.56
15:33:34       5    2.02    0.00   34.34    0.00    0.00    0.00    0.00    0.00    0.00   63.64
15:33:34       6    4.00    0.00   42.00    0.00    0.00    0.00    0.00    0.00    0.00   54.00
15:33:34       7    4.04    0.00   38.38    0.00    0.00    0.00    0.00    0.00    0.00   57.58
15:33:34       8    5.10    0.00   41.84    0.00    0.00    0.00    0.00    0.00    0.00   53.06
15:33:34       9    2.00    0.00   38.00    0.00    0.00    0.00    0.00    0.00    0.00   60.00
15:33:34      10    5.10    0.00   41.84    0.00    0.00    0.00    0.00    0.00    0.00   53.06
15:33:34      11    3.03    0.00   41.41    0.00    0.00    0.00    0.00    0.00    0.00   55.56
15:33:34      12    4.08    0.00   41.84    0.00    0.00    0.00    0.00    0.00    0.00   54.08
15:33:34      13    8.16    0.00   43.88    0.00    0.00    0.00    0.00    0.00    0.00   47.96
15:33:34      14    3.06    0.00   45.92    0.00    0.00    0.00    0.00    0.00    0.00   51.02
15:33:34      15    5.05    0.00   50.51    0.00    0.00    0.00    0.00    0.00    0.00   44.44
15:33:34      16    3.03    0.00   41.41    0.00    0.00    0.00    0.00    0.00    0.00   55.56
15:33:34      17    6.06    0.00   49.49    0.00    0.00    0.00    0.00    0.00    0.00   44.44
15:33:34      18    4.08    0.00   44.90    0.00    0.00    0.00    0.00    0.00    0.00   51.02
15:33:34      19    5.05    0.00   48.48    0.00    0.00    0.00    0.00    0.00    0.00   46.46

15:33:34     CPU    %usr   %nice    %sys %iowait    %irq   %soft  %steal  %guest  %gnice   %idle
15:33:35     all    4.02    0.00   41.55    0.00    0.00    0.50    0.00    0.00    0.00   53.92
15:33:35       0    2.86    0.00   35.24    0.00    0.00    5.71    0.00    0.00    0.00   56.19
15:33:35       1    2.97    0.00   44.55    0.00    0.00    0.99    0.00    0.00    0.00   51.49
15:33:35       2    3.96    0.00   32.67    0.00    0.00    0.99    0.00    0.00    0.00   62.38
15:33:35       3    4.95    0.00   43.56    0.00    0.00    0.99    0.00    0.00    0.00   50.50
15:33:35       4    5.00    0.00   44.00    0.00    0.00    0.00    0.00    0.00    0.00   51.00
15:33:35       5    4.00    0.00   49.00    0.00    0.00    1.00    0.00    0.00    0.00   46.00
15:33:35       6    5.05    0.00   41.41    0.00    0.00    0.00    0.00    0.00    0.00   53.54
15:33:35       7    3.09    0.00   47.42    0.00    0.00    0.00    0.00    0.00    0.00   49.48
15:33:35       8    2.02    0.00   38.38    0.00    0.00    0.00    0.00    0.00    0.00   59.60
15:33:35       9    4.08    0.00   38.78    0.00    0.00    0.00    0.00    0.00    0.00   57.14
15:33:35      10    4.08    0.00   35.71    0.00    0.00    0.00    0.00    0.00    0.00   60.20
15:33:35      11    3.06    0.00   45.92    0.00    0.00    0.00    0.00    0.00    0.00   51.02
15:33:35      12    3.03    0.00   42.42    0.00    0.00    0.00    0.00    0.00    0.00   54.55
15:33:35      13    6.00    0.00   44.00    0.00    0.00    0.00    0.00    0.00    0.00   50.00
15:33:35      14    5.94    0.00   46.53    0.00    0.00    0.00    0.00    0.00    0.00   47.52
15:33:35      15    4.08    0.00   41.84    0.00    0.00    0.00    0.00    0.00    0.00   54.08
15:33:35      16    2.02    0.00   30.30    0.00    0.00    0.00    0.00    0.00    0.00   67.68
15:33:35      17    4.08    0.00   39.80    0.00    0.00    0.00    0.00    0.00    0.00   56.12
15:33:35      18    6.19    0.00   47.42    0.00    0.00    0.00    0.00    0.00    0.00   46.39
15:33:35      19    4.04    0.00   42.42    0.00    0.00    0.00    0.00    0.00    0.00   53.54

15:33:35     CPU    %usr   %nice    %sys %iowait    %irq   %soft  %steal  %guest  %gnice   %idle
15:33:36     all    3.73    0.00   42.60    0.00    0.00    0.60    0.00    0.00    0.00   53.07
15:33:36       0    5.66    0.00   41.51    0.00    0.00    6.60    0.00    0.00    0.00   46.23
15:33:36       1    2.91    0.00   35.92    0.00    0.00    2.91    0.00    0.00    0.00   58.25
15:33:36       2    6.06    0.00   41.41    0.00    0.00    1.01    0.00    0.00    0.00   51.52
15:33:36       3    3.06    0.00   31.63    0.00    0.00    0.00    0.00    0.00    0.00   65.31
15:33:36       4    3.03    0.00   35.35    0.00    0.00    1.01    0.00    0.00    0.00   60.61
15:33:36       5    3.06    0.00   50.00    0.00    0.00    0.00    0.00    0.00    0.00   46.94
15:33:36       6    3.03    0.00   51.52    0.00    0.00    0.00    0.00    0.00    0.00   45.45
15:33:36       7    4.04    0.00   42.42    0.00    0.00    0.00    0.00    0.00    0.00   53.54
15:33:36       8    4.08    0.00   34.69    0.00    0.00    0.00    0.00    0.00    0.00   61.22
15:33:36       9    3.03    0.00   43.43    0.00    0.00    0.00    0.00    0.00    0.00   53.54
15:33:36      10    5.05    0.00   47.47    0.00    0.00    0.00    0.00    0.00    0.00   47.47
15:33:36      11    5.00    0.00   38.00    0.00    0.00    0.00    0.00    0.00    0.00   57.00
15:33:36      12    3.03    0.00   43.43    0.00    0.00    0.00    0.00    0.00    0.00   53.54
15:33:36      13    3.03    0.00   46.46    0.00    0.00    0.00    0.00    0.00    0.00   50.51
15:33:36      14    3.06    0.00   44.90    0.00    0.00    0.00    0.00    0.00    0.00   52.04
15:33:36      15    3.03    0.00   46.46    0.00    0.00    0.00    0.00    0.00    0.00   50.51
15:33:36      16    2.04    0.00   45.92    0.00    0.00    0.00    0.00    0.00    0.00   52.04
15:33:36      17    3.06    0.00   48.98    0.00    0.00    0.00    0.00    0.00    0.00   47.96
15:33:36      18    3.00    0.00   42.00    0.00    0.00    0.00    0.00    0.00    0.00   55.00
15:33:36      19    6.12    0.00   40.82    0.00    0.00    0.00    0.00    0.00    0.00   53.06

15:33:36     CPU    %usr   %nice    %sys %iowait    %irq   %soft  %steal  %guest  %gnice   %idle
15:33:37     all    3.92    0.00   42.69    0.00    0.00    0.65    0.00    0.00    0.00   52.74
15:33:37       0    2.94    0.00   36.27    0.00    0.00    4.90    0.00    0.00    0.00   55.88
15:33:37       1    5.05    0.00   46.46    0.00    0.00    2.02    0.00    0.00    0.00   46.46
15:33:37       2    3.92    0.00   45.10    0.00    0.00    1.96    0.00    0.00    0.00   49.02
15:33:37       3    5.00    0.00   47.00    0.00    0.00    1.00    0.00    0.00    0.00   47.00
15:33:37       4    2.02    0.00   42.42    0.00    0.00    1.01    0.00    0.00    0.00   54.55
15:33:37       5    4.00    0.00   49.00    0.00    0.00    0.00    0.00    0.00    0.00   47.00
15:33:37       6    4.04    0.00   44.44    0.00    0.00    0.00    0.00    0.00    0.00   51.52
15:33:37       7    3.96    0.00   44.55    0.00    0.00    0.99    0.00    0.00    0.00   50.50
15:33:37       8    5.00    0.00   36.00    0.00    0.00    0.00    0.00    0.00    0.00   59.00
15:33:37       9    2.02    0.00   38.38    0.00    0.00    0.00    0.00    0.00    0.00   59.60
15:33:37      10    4.04    0.00   43.43    0.00    0.00    1.01    0.00    0.00    0.00   51.52
15:33:37      11    4.04    0.00   44.44    0.00    0.00    0.00    0.00    0.00    0.00   51.52
15:33:37      12    3.03    0.00   37.37    0.00    0.00    0.00    0.00    0.00    0.00   59.60
15:33:37      13    4.04    0.00   39.39    0.00    0.00    0.00    0.00    0.00    0.00   56.57
15:33:37      14    5.05    0.00   41.41    0.00    0.00    0.00    0.00    0.00    0.00   53.54
15:33:37      15    4.08    0.00   41.84    0.00    0.00    0.00    0.00    0.00    0.00   54.08
15:33:37      16    3.03    0.00   36.36    0.00    0.00    0.00    0.00    0.00    0.00   60.61
15:33:37      17    5.00    0.00   50.00    0.00    0.00    0.00    0.00    0.00    0.00   45.00
15:33:37      18    5.10    0.00   48.98    0.00    0.00    0.00    0.00    0.00    0.00   45.92
15:33:37      19    3.00    0.00   41.00    0.00    0.00    0.00    0.00    0.00    0.00   56.00

15:33:37     CPU    %usr   %nice    %sys %iowait    %irq   %soft  %steal  %guest  %gnice   %idle
15:33:38     all    3.65    0.00   44.63    0.00    0.00    0.51    0.00    0.00    0.00   51.22
15:33:38       0    2.91    0.00   37.86    0.00    0.00    4.85    0.00    0.00    0.00   54.37
15:33:38       1    4.90    0.00   43.14    0.00    0.00    2.94    0.00    0.00    0.00   49.02
15:33:38       2    4.04    0.00   50.51    0.00    0.00    1.01    0.00    0.00    0.00   44.44
15:33:38       3    3.00    0.00   34.00    0.00    0.00    1.00    0.00    0.00    0.00   62.00
15:33:38       4    3.03    0.00   47.47    0.00    0.00    0.00    0.00    0.00    0.00   49.49
15:33:38       5    4.12    0.00   50.52    0.00    0.00    0.00    0.00    0.00    0.00   45.36
15:33:38       6    5.10    0.00   43.88    0.00    0.00    0.00    0.00    0.00    0.00   51.02
15:33:38       7    3.00    0.00   44.00    0.00    0.00    0.00    0.00    0.00    0.00   53.00
15:33:38       8    1.03    0.00   38.14    0.00    0.00    0.00    0.00    0.00    0.00   60.82
15:33:38       9    4.12    0.00   43.30    0.00    0.00    0.00    0.00    0.00    0.00   52.58
15:33:38      10    4.12    0.00   45.36    0.00    0.00    0.00    0.00    0.00    0.00   50.52
15:33:38      11    5.05    0.00   44.44    0.00    0.00    0.00    0.00    0.00    0.00   50.51
15:33:38      12    5.05    0.00   43.43    0.00    0.00    0.00    0.00    0.00    0.00   51.52
15:33:38      13    2.04    0.00   45.92    0.00    0.00    0.00    0.00    0.00    0.00   52.04
15:33:38      14    4.12    0.00   41.24    0.00    0.00    0.00    0.00    0.00    0.00   54.64
15:33:38      15    3.03    0.00   49.49    0.00    0.00    0.00    0.00    0.00    0.00   47.47
15:33:38      16    3.06    0.00   45.92    0.00    0.00    0.00    0.00    0.00    0.00   51.02
15:33:38      17    4.08    0.00   46.94    0.00    0.00    0.00    0.00    0.00    0.00   48.98
15:33:38      18    2.02    0.00   49.49    0.00    0.00    0.00    0.00    0.00    0.00   48.48
15:33:38      19    5.10    0.00   47.96    0.00    0.00    0.00    0.00    0.00    0.00   46.94

15:33:38     CPU    %usr   %nice    %sys %iowait    %irq   %soft  %steal  %guest  %gnice   %idle
15:33:39     all    4.48    0.00   45.47    0.00    0.00    0.55    0.00    0.00    0.00   49.50
15:33:39       0    4.81    0.00   41.35    0.00    0.00    4.81    0.00    0.00    0.00   49.04
15:33:39       1    4.95    0.00   42.57    0.00    0.00    1.98    0.00    0.00    0.00   50.50
15:33:39       2    3.03    0.00   42.42    0.00    0.00    2.02    0.00    0.00    0.00   52.53
15:33:39       3    4.08    0.00   43.88    0.00    0.00    0.00    0.00    0.00    0.00   52.04
15:33:39       4    6.00    0.00   45.00    0.00    0.00    1.00    0.00    0.00    0.00   48.00
15:33:39       5    5.05    0.00   51.52    0.00    0.00    0.00    0.00    0.00    0.00   43.43
15:33:39       6    2.04    0.00   43.88    0.00    0.00    0.00    0.00    0.00    0.00   54.08
15:33:39       7    5.05    0.00   51.52    0.00    0.00    0.00    0.00    0.00    0.00   43.43
15:33:39       8    4.90    0.00   50.00    0.00    0.00    0.98    0.00    0.00    0.00   44.12
15:33:39       9    6.06    0.00   47.47    0.00    0.00    0.00    0.00    0.00    0.00   46.46
15:33:39      10    3.00    0.00   39.00    0.00    0.00    0.00    0.00    0.00    0.00   58.00
15:33:39      11    3.06    0.00   42.86    0.00    0.00    0.00    0.00    0.00    0.00   54.08
15:33:39      12    4.08    0.00   46.94    0.00    0.00    0.00    0.00    0.00    0.00   48.98
15:33:39      13    3.03    0.00   45.45    0.00    0.00    0.00    0.00    0.00    0.00   51.52
15:33:39      14    5.00    0.00   40.00    0.00    0.00    0.00    0.00    0.00    0.00   55.00
15:33:39      15    5.05    0.00   50.51    0.00    0.00    0.00    0.00    0.00    0.00   44.44
15:33:39      16    5.10    0.00   43.88    0.00    0.00    0.00    0.00    0.00    0.00   51.02
15:33:39      17    4.04    0.00   46.46    0.00    0.00    0.00    0.00    0.00    0.00   49.49
15:33:39      18    4.04    0.00   47.47    0.00    0.00    0.00    0.00    0.00    0.00   48.48
15:33:39      19    7.07    0.00   47.47    0.00    0.00    0.00    0.00    0.00    0.00   45.45

15:33:39     CPU    %usr   %nice    %sys %iowait    %irq   %soft  %steal  %guest  %gnice   %idle
15:33:40     all    4.13    0.00   42.89    0.00    0.00    0.45    0.00    0.00    0.00   52.52
15:33:40       0    3.88    0.00   47.57    0.00    0.00    3.88    0.00    0.00    0.00   44.66
15:33:40       1    5.00    0.00   43.00    0.00    0.00    2.00    0.00    0.00    0.00   50.00
15:33:40       2    5.94    0.00   42.57    0.00    0.00    0.99    0.00    0.00    0.00   50.50
15:33:40       3    3.00    0.00   43.00    0.00    0.00    1.00    0.00    0.00    0.00   53.00
15:33:40       4    3.00    0.00   43.00    0.00    0.00    0.00    0.00    0.00    0.00   54.00
15:33:40       5    3.00    0.00   40.00    0.00    0.00    1.00    0.00    0.00    0.00   56.00
15:33:40       6    4.04    0.00   36.36    0.00    0.00    0.00    0.00    0.00    0.00   59.60
15:33:40       7    6.12    0.00   47.96    0.00    0.00    0.00    0.00    0.00    0.00   45.92
15:33:40       8    3.03    0.00   37.37    0.00    0.00    0.00    0.00    0.00    0.00   59.60
15:33:40       9    4.04    0.00   41.41    0.00    0.00    0.00    0.00    0.00    0.00   54.55
15:33:40      10    4.12    0.00   45.36    0.00    0.00    0.00    0.00    0.00    0.00   50.52
15:33:40      11    5.00    0.00   47.00    0.00    0.00    0.00    0.00    0.00    0.00   48.00
15:33:40      12    4.04    0.00   46.46    0.00    0.00    0.00    0.00    0.00    0.00   49.49
15:33:40      13    5.10    0.00   40.82    0.00    0.00    0.00    0.00    0.00    0.00   54.08
15:33:40      14    3.06    0.00   41.84    0.00    0.00    0.00    0.00    0.00    0.00   55.10
15:33:40      15    5.05    0.00   41.41    0.00    0.00    0.00    0.00    0.00    0.00   53.54
15:33:40      16    2.04    0.00   41.84    0.00    0.00    0.00    0.00    0.00    0.00   56.12
15:33:40      17    3.03    0.00   41.41    0.00    0.00    0.00    0.00    0.00    0.00   55.56
15:33:40      18    6.06    0.00   46.46    0.00    0.00    0.00    0.00    0.00    0.00   47.47
15:33:40      19    4.08    0.00   42.86    0.00    0.00    0.00    0.00    0.00    0.00   53.06

15:33:40     CPU    %usr   %nice    %sys %iowait    %irq   %soft  %steal  %guest  %gnice   %idle
15:33:41     all    3.99    0.00   43.95    0.00    0.00    0.55    0.00    0.00    0.00   51.51
15:33:41       0    3.92    0.00   43.14    0.00    0.00    3.92    0.00    0.00    0.00   49.02
15:33:41       1    3.96    0.00   39.60    0.00    0.00    1.98    0.00    0.00    0.00   54.46
15:33:41       2    3.00    0.00   49.00    0.00    0.00    2.00    0.00    0.00    0.00   46.00
15:33:41       3    5.05    0.00   48.48    0.00    0.00    1.01    0.00    0.00    0.00   45.45
15:33:41       4    5.05    0.00   44.44    0.00    0.00    1.01    0.00    0.00    0.00   49.49
15:33:41       5    4.08    0.00   40.82    0.00    0.00    0.00    0.00    0.00    0.00   55.10
15:33:41       6    4.00    0.00   46.00    0.00    0.00    1.00    0.00    0.00    0.00   49.00
15:33:41       7    3.96    0.00   50.50    0.00    0.00    0.00    0.00    0.00    0.00   45.54
15:33:41       8    4.08    0.00   50.00    0.00    0.00    0.00    0.00    0.00    0.00   45.92
15:33:41       9    4.04    0.00   46.46    0.00    0.00    0.00    0.00    0.00    0.00   49.49
15:33:41      10    7.00    0.00   45.00    0.00    0.00    0.00    0.00    0.00    0.00   48.00
15:33:41      11    5.10    0.00   45.92    0.00    0.00    0.00    0.00    0.00    0.00   48.98
15:33:41      12    3.06    0.00   43.88    0.00    0.00    0.00    0.00    0.00    0.00   53.06
15:33:41      13    2.04    0.00   31.63    0.00    0.00    0.00    0.00    0.00    0.00   66.33
15:33:41      14    3.06    0.00   38.78    0.00    0.00    0.00    0.00    0.00    0.00   58.16
15:33:41      15    3.06    0.00   50.00    0.00    0.00    0.00    0.00    0.00    0.00   46.94
15:33:41      16    5.05    0.00   48.48    0.00    0.00    0.00    0.00    0.00    0.00   46.46
15:33:41      17    4.04    0.00   33.33    0.00    0.00    0.00    0.00    0.00    0.00   62.63
15:33:41      18    4.08    0.00   48.98    0.00    0.00    0.00    0.00    0.00    0.00   46.94
15:33:41      19    2.02    0.00   34.34    0.00    0.00    0.00    0.00    0.00    0.00   63.64

Average:     CPU    %usr   %nice    %sys %iowait    %irq   %soft  %steal  %guest  %gnice   %idle
Average:     all    3.96    0.00   43.34    0.00    0.00    0.56    0.00    0.00    0.00   52.14
Average:       0    3.57    0.00   40.25    0.00    0.00    5.02    0.00    0.00    0.00   51.16
Average:       1    4.15    0.00   42.59    0.00    0.00    2.37    0.00    0.00    0.00   50.89
Average:       2    4.19    0.00   42.87    0.00    0.00    1.50    0.00    0.00    0.00   51.45
Average:       3    3.93    0.00   43.25    0.00    0.00    0.71    0.00    0.00    0.00   52.12
Average:       4    3.93    0.00   43.61    0.00    0.00    0.50    0.00    0.00    0.00   51.96
Average:       5    3.75    0.00   45.80    0.00    0.00    0.20    0.00    0.00    0.00   50.25
Average:       6    3.94    0.00   43.74    0.00    0.00    0.20    0.00    0.00    0.00   52.12
Average:       7    4.13    0.00   46.17    0.00    0.00    0.10    0.00    0.00    0.00   49.60
Average:       8    3.44    0.00   41.15    0.00    0.00    0.10    0.00    0.00    0.00   55.31
Average:       9    3.75    0.00   42.05    0.00    0.00    0.00    0.00    0.00    0.00   54.20
Average:      10    4.37    0.00   41.83    0.00    0.00    0.10    0.00    0.00    0.00   53.71
Average:      11    4.45    0.00   43.88    0.00    0.00    0.10    0.00    0.00    0.00   51.57
Average:      12    3.64    0.00   42.91    0.00    0.00    0.00    0.00    0.00    0.00   53.44
Average:      13    3.95    0.00   41.24    0.00    0.00    0.00    0.00    0.00    0.00   54.81
Average:      14    3.96    0.00   42.49    0.00    0.00    0.00    0.00    0.00    0.00   53.55
Average:      15    4.15    0.00   47.01    0.00    0.00    0.00    0.00    0.00    0.00   48.83
Average:      16    3.05    0.00   41.67    0.00    0.00    0.00    0.00    0.00    0.00   55.28
Average:      17    4.15    0.00   44.88    0.00    0.00    0.00    0.00    0.00    0.00   50.96
Average:      18    4.26    0.00   47.01    0.00    0.00    0.00    0.00    0.00    0.00   48.73
Average:      19    4.35    0.00   42.61    0.00    0.00    0.00    0.00    0.00    0.00   53.04
