Linux 6.8.0-138-generic (snapshots-gpu-mi300x1-192gb-devcloud-atl1) 	10/06/26 	_x86_64_	(20 CPU)

23:27:20     CPU    %usr   %nice    %sys %iowait    %irq   %soft  %steal  %guest  %gnice   %idle
23:27:21     all    4.96    0.00   43.82    0.00    0.00    0.30    0.00    0.00    0.00   50.93
23:27:21       0    5.00    0.00   48.00    0.00    0.00    2.00    0.00    0.00    0.00   45.00
23:27:21       1    3.96    0.00   44.55    0.00    0.00    1.98    0.00    0.00    0.00   49.50
23:27:21       2    6.06    0.00   39.39    0.00    0.00    0.00    0.00    0.00    0.00   54.55
23:27:21       3    4.00    0.00   42.00    0.00    0.00    0.00    0.00    0.00    0.00   54.00
23:27:21       4    5.94    0.00   40.59    0.00    0.00    0.99    0.00    0.00    0.00   52.48
23:27:21       5    5.00    0.00   42.00    0.00    0.00    0.00    0.00    0.00    0.00   53.00
23:27:21       6    6.06    0.00   46.46    0.00    0.00    0.00    0.00    0.00    0.00   47.47
23:27:21       7    6.00    0.00   39.00    0.00    0.00    0.00    0.00    0.00    0.00   55.00
23:27:21       8    4.00    0.00   50.00    0.00    0.00    1.00    0.00    0.00    0.00   45.00
23:27:21       9    5.00    0.00   43.00    0.00    0.00    0.00    0.00    0.00    0.00   52.00
23:27:21      10    2.97    0.00   35.64    0.00    0.00    0.00    0.00    0.00    0.00   61.39
23:27:21      11    3.96    0.00   43.56    0.00    0.00    0.00    0.00    0.00    0.00   52.48
23:27:21      12    4.00    0.00   39.00    0.00    0.00    0.00    0.00    0.00    0.00   57.00
23:27:21      13    6.00    0.00   45.00    0.00    0.00    0.00    0.00    0.00    0.00   49.00
23:27:21      14    5.05    0.00   48.48    0.00    0.00    0.00    0.00    0.00    0.00   46.46
23:27:21      15    5.10    0.00   50.00    0.00    0.00    0.00    0.00    0.00    0.00   44.90
23:27:21      16    6.06    0.00   45.45    0.00    0.00    0.00    0.00    0.00    0.00   48.48
23:27:21      17    5.05    0.00   52.53    0.00    0.00    0.00    0.00    0.00    0.00   42.42
23:27:21      18    5.05    0.00   38.38    0.00    0.00    0.00    0.00    0.00    0.00   56.57
23:27:21      19    4.95    0.00   43.56    0.00    0.00    0.00    0.00    0.00    0.00   51.49

23:27:21     CPU    %usr   %nice    %sys %iowait    %irq   %soft  %steal  %guest  %gnice   %idle
23:27:22     all    5.44    0.00   46.02    0.00    0.00    0.35    0.00    0.00    0.00   48.19
23:27:22       0    4.95    0.00   48.51    0.00    0.00    1.98    0.00    0.00    0.00   44.55
23:27:22       1    6.86    0.00   43.14    0.00    0.00    2.94    0.00    0.00    0.00   47.06
23:27:22       2    5.94    0.00   47.52    0.00    0.00    0.99    0.00    0.00    0.00   45.54
23:27:22       3    4.04    0.00   40.40    0.00    0.00    0.00    0.00    0.00    0.00   55.56
23:27:22       4    7.07    0.00   47.47    0.00    0.00    0.00    0.00    0.00    0.00   45.45
23:27:22       5    6.06    0.00   42.42    0.00    0.00    1.01    0.00    0.00    0.00   50.51
23:27:22       6    5.00    0.00   39.00    0.00    0.00    0.00    0.00    0.00    0.00   56.00
23:27:22       7    7.14    0.00   50.00    0.00    0.00    0.00    0.00    0.00    0.00   42.86
23:27:22       8    6.00    0.00   50.00    0.00    0.00    0.00    0.00    0.00    0.00   44.00
23:27:22       9    5.05    0.00   43.43    0.00    0.00    0.00    0.00    0.00    0.00   51.52
23:27:22      10    5.05    0.00   45.45    0.00    0.00    0.00    0.00    0.00    0.00   49.49
23:27:22      11    6.12    0.00   50.00    0.00    0.00    0.00    0.00    0.00    0.00   43.88
23:27:22      12    7.07    0.00   47.47    0.00    0.00    0.00    0.00    0.00    0.00   45.45
23:27:22      13    4.08    0.00   44.90    0.00    0.00    0.00    0.00    0.00    0.00   51.02
23:27:22      14    5.00    0.00   49.00    0.00    0.00    0.00    0.00    0.00    0.00   46.00
23:27:22      15    4.04    0.00   46.46    0.00    0.00    0.00    0.00    0.00    0.00   49.49
23:27:22      16    6.06    0.00   46.46    0.00    0.00    0.00    0.00    0.00    0.00   47.47
23:27:22      17    4.08    0.00   44.90    0.00    0.00    0.00    0.00    0.00    0.00   51.02
23:27:22      18    5.00    0.00   44.00    0.00    0.00    0.00    0.00    0.00    0.00   51.00
23:27:22      19    4.08    0.00   50.00    0.00    0.00    0.00    0.00    0.00    0.00   45.92

23:27:22     CPU    %usr   %nice    %sys %iowait    %irq   %soft  %steal  %guest  %gnice   %idle
23:27:23     all    5.68    0.00   44.34    0.00    0.00    0.45    0.00    0.00    0.00   49.52
23:27:23       0    4.90    0.00   47.06    0.00    0.00    2.94    0.00    0.00    0.00   45.10
23:27:23       1    7.84    0.00   41.18    0.00    0.00    2.94    0.00    0.00    0.00   48.04
23:27:23       2    5.05    0.00   41.41    0.00    0.00    1.01    0.00    0.00    0.00   52.53
23:27:23       3    4.04    0.00   41.41    0.00    0.00    1.01    0.00    0.00    0.00   53.54
23:27:23       4    7.07    0.00   52.53    0.00    0.00    0.00    0.00    0.00    0.00   40.40
23:27:23       5    7.00    0.00   49.00    0.00    0.00    0.00    0.00    0.00    0.00   44.00
23:27:23       6    5.00    0.00   43.00    0.00    0.00    1.00    0.00    0.00    0.00   51.00
23:27:23       7    7.00    0.00   51.00    0.00    0.00    0.00    0.00    0.00    0.00   42.00
23:27:23       8    3.09    0.00   36.08    0.00    0.00    0.00    0.00    0.00    0.00   60.82
23:27:23       9    6.06    0.00   42.42    0.00    0.00    0.00    0.00    0.00    0.00   51.52
23:27:23      10    3.03    0.00   39.39    0.00    0.00    0.00    0.00    0.00    0.00   57.58
23:27:23      11    6.00    0.00   44.00    0.00    0.00    0.00    0.00    0.00    0.00   50.00
23:27:23      12    7.00    0.00   44.00    0.00    0.00    0.00    0.00    0.00    0.00   49.00
23:27:23      13    6.06    0.00   46.46    0.00    0.00    0.00    0.00    0.00    0.00   47.47
23:27:23      14    5.05    0.00   48.48    0.00    0.00    0.00    0.00    0.00    0.00   46.46
23:27:23      15    6.06    0.00   42.42    0.00    0.00    0.00    0.00    0.00    0.00   51.52
23:27:23      16    7.07    0.00   50.51    0.00    0.00    0.00    0.00    0.00    0.00   42.42
23:27:23      17    5.00    0.00   44.00    0.00    0.00    0.00    0.00    0.00    0.00   51.00
23:27:23      18    5.10    0.00   44.90    0.00    0.00    0.00    0.00    0.00    0.00   50.00
23:27:23      19    6.06    0.00   37.37    0.00    0.00    0.00    0.00    0.00    0.00   56.57

23:27:23     CPU    %usr   %nice    %sys %iowait    %irq   %soft  %steal  %guest  %gnice   %idle
23:27:24     all    4.33    0.00   43.78    0.00    0.00    0.25    0.00    0.00    0.00   51.64
23:27:24       0    4.90    0.00   42.16    0.00    0.00    1.96    0.00    0.00    0.00   50.98
23:27:24       1    4.00    0.00   45.00    0.00    0.00    2.00    0.00    0.00    0.00   49.00
23:27:24       2    3.03    0.00   42.42    0.00    0.00    1.01    0.00    0.00    0.00   53.54
23:27:24       3    4.04    0.00   49.49    0.00    0.00    0.00    0.00    0.00    0.00   46.46
23:27:24       4    4.04    0.00   45.45    0.00    0.00    0.00    0.00    0.00    0.00   50.51
23:27:24       5    2.02    0.00   38.38    0.00    0.00    0.00    0.00    0.00    0.00   59.60
23:27:24       6    5.00    0.00   46.00    0.00    0.00    0.00    0.00    0.00    0.00   49.00
23:27:24       7    5.05    0.00   47.47    0.00    0.00    0.00    0.00    0.00    0.00   47.47
23:27:24       8    3.00    0.00   44.00    0.00    0.00    0.00    0.00    0.00    0.00   53.00
23:27:24       9    4.08    0.00   41.84    0.00    0.00    0.00    0.00    0.00    0.00   54.08
23:27:24      10    5.10    0.00   37.76    0.00    0.00    0.00    0.00    0.00    0.00   57.14
23:27:24      11    4.95    0.00   48.51    0.00    0.00    0.00    0.00    0.00    0.00   46.53
23:27:24      12    3.06    0.00   43.88    0.00    0.00    0.00    0.00    0.00    0.00   53.06
23:27:24      13    5.05    0.00   44.44    0.00    0.00    0.00    0.00    0.00    0.00   50.51
23:27:24      14    3.06    0.00   46.94    0.00    0.00    0.00    0.00    0.00    0.00   50.00
23:27:24      15    6.06    0.00   39.39    0.00    0.00    0.00    0.00    0.00    0.00   54.55
23:27:24      16    5.00    0.00   47.00    0.00    0.00    0.00    0.00    0.00    0.00   48.00
23:27:24      17    5.10    0.00   43.88    0.00    0.00    0.00    0.00    0.00    0.00   51.02
23:27:24      18    5.05    0.00   41.41    0.00    0.00    0.00    0.00    0.00    0.00   53.54
23:27:24      19    5.00    0.00   40.00    0.00    0.00    0.00    0.00    0.00    0.00   55.00

23:27:24     CPU    %usr   %nice    %sys %iowait    %irq   %soft  %steal  %guest  %gnice   %idle
23:27:25     all    4.90    0.00   43.61    0.00    0.00    0.20    0.00    0.00    0.00   51.29
23:27:25       0    5.00    0.00   43.00    0.00    0.00    2.00    0.00    0.00    0.00   50.00
23:27:25       1    5.94    0.00   40.59    0.00    0.00    0.99    0.00    0.00    0.00   52.48
23:27:25       2    4.95    0.00   48.51    0.00    0.00    0.99    0.00    0.00    0.00   45.54
23:27:25       3    6.06    0.00   47.47    0.00    0.00    0.00    0.00    0.00    0.00   46.46
23:27:25       4    4.00    0.00   35.00    0.00    0.00    0.00    0.00    0.00    0.00   61.00
23:27:25       5    4.04    0.00   38.38    0.00    0.00    0.00    0.00    0.00    0.00   57.58
23:27:25       6    3.06    0.00   41.84    0.00    0.00    0.00    0.00    0.00    0.00   55.10
23:27:25       7    4.04    0.00   45.45    0.00    0.00    0.00    0.00    0.00    0.00   50.51
23:27:25       8    5.15    0.00   44.33    0.00    0.00    0.00    0.00    0.00    0.00   50.52
23:27:25       9    5.00    0.00   39.00    0.00    0.00    0.00    0.00    0.00    0.00   56.00
23:27:25      10    4.00    0.00   49.00    0.00    0.00    0.00    0.00    0.00    0.00   47.00
23:27:25      11    6.19    0.00   48.45    0.00    0.00    0.00    0.00    0.00    0.00   45.36
23:27:25      12    5.05    0.00   42.42    0.00    0.00    0.00    0.00    0.00    0.00   52.53
23:27:25      13    5.05    0.00   51.52    0.00    0.00    0.00    0.00    0.00    0.00   43.43
23:27:25      14    4.08    0.00   35.71    0.00    0.00    0.00    0.00    0.00    0.00   60.20
23:27:25      15    5.05    0.00   40.40    0.00    0.00    0.00    0.00    0.00    0.00   54.55
23:27:25      16    7.07    0.00   50.51    0.00    0.00    0.00    0.00    0.00    0.00   42.42
23:27:25      17    5.05    0.00   39.39    0.00    0.00    0.00    0.00    0.00    0.00   55.56
23:27:25      18    5.05    0.00   47.47    0.00    0.00    0.00    0.00    0.00    0.00   47.47
23:27:25      19    4.08    0.00   43.88    0.00    0.00    0.00    0.00    0.00    0.00   52.04

23:27:25     CPU    %usr   %nice    %sys %iowait    %irq   %soft  %steal  %guest  %gnice   %idle
23:27:26     all    4.91    0.00   41.47    0.00    0.00    0.25    0.00    0.00    0.00   53.36
23:27:26       0    2.00    0.00   34.00    0.00    0.00    2.00    0.00    0.00    0.00   62.00
23:27:26       1    5.00    0.00   41.00    0.00    0.00    2.00    0.00    0.00    0.00   52.00
23:27:26       2    4.00    0.00   41.00    0.00    0.00    1.00    0.00    0.00    0.00   54.00
23:27:26       3    4.00    0.00   49.00    0.00    0.00    0.00    0.00    0.00    0.00   47.00
23:27:26       4    7.07    0.00   39.39    0.00    0.00    0.00    0.00    0.00    0.00   53.54
23:27:26       5    4.00    0.00   39.00    0.00    0.00    0.00    0.00    0.00    0.00   57.00
23:27:26       6    6.06    0.00   40.40    0.00    0.00    0.00    0.00    0.00    0.00   53.54
23:27:26       7    5.05    0.00   38.38    0.00    0.00    0.00    0.00    0.00    0.00   56.57
23:27:26       8    7.00    0.00   39.00    0.00    0.00    0.00    0.00    0.00    0.00   54.00
23:27:26       9    5.05    0.00   46.46    0.00    0.00    0.00    0.00    0.00    0.00   48.48
23:27:26      10    5.10    0.00   46.94    0.00    0.00    0.00    0.00    0.00    0.00   47.96
23:27:26      11    4.00    0.00   43.00    0.00    0.00    0.00    0.00    0.00    0.00   53.00
23:27:26      12    4.00    0.00   41.00    0.00    0.00    0.00    0.00    0.00    0.00   55.00
23:27:26      13    5.05    0.00   38.38    0.00    0.00    0.00    0.00    0.00    0.00   56.57
23:27:26      14    4.95    0.00   38.61    0.00    0.00    0.00    0.00    0.00    0.00   56.44
23:27:26      15    3.03    0.00   41.41    0.00    0.00    0.00    0.00    0.00    0.00   55.56
23:27:26      16    6.00    0.00   45.00    0.00    0.00    0.00    0.00    0.00    0.00   49.00
23:27:26      17    5.94    0.00   36.63    0.00    0.00    0.00    0.00    0.00    0.00   57.43
23:27:26      18    6.06    0.00   47.47    0.00    0.00    0.00    0.00    0.00    0.00   46.46
23:27:26      19    4.95    0.00   43.56    0.00    0.00    0.00    0.00    0.00    0.00   51.49

23:27:26     CPU    %usr   %nice    %sys %iowait    %irq   %soft  %steal  %guest  %gnice   %idle
23:27:27     all    5.10    0.00   47.73    0.00    0.00    0.40    0.00    0.00    0.00   46.77
23:27:27       0    4.85    0.00   45.63    0.00    0.00    2.91    0.00    0.00    0.00   46.60
23:27:27       1    4.00    0.00   46.00    0.00    0.00    1.00    0.00    0.00    0.00   49.00
23:27:27       2    8.00    0.00   53.00    0.00    0.00    1.00    0.00    0.00    0.00   38.00
23:27:27       3    5.05    0.00   46.46    0.00    0.00    1.01    0.00    0.00    0.00   47.47
23:27:27       4    4.04    0.00   46.46    0.00    0.00    1.01    0.00    0.00    0.00   48.48
23:27:27       5    5.05    0.00   48.48    0.00    0.00    0.00    0.00    0.00    0.00   46.46
23:27:27       6    4.04    0.00   40.40    0.00    0.00    0.00    0.00    0.00    0.00   55.56
23:27:27       7    5.10    0.00   50.00    0.00    0.00    0.00    0.00    0.00    0.00   44.90
23:27:27       8    5.00    0.00   49.00    0.00    0.00    0.00    0.00    0.00    0.00   46.00
23:27:27       9    4.04    0.00   46.46    0.00    0.00    0.00    0.00    0.00    0.00   49.49
23:27:27      10    7.07    0.00   50.51    0.00    0.00    0.00    0.00    0.00    0.00   42.42
23:27:27      11    5.00    0.00   48.00    0.00    0.00    1.00    0.00    0.00    0.00   46.00
23:27:27      12    5.05    0.00   41.41    0.00    0.00    0.00    0.00    0.00    0.00   53.54
23:27:27      13    6.06    0.00   42.42    0.00    0.00    0.00    0.00    0.00    0.00   51.52
23:27:27      14    6.12    0.00   53.06    0.00    0.00    0.00    0.00    0.00    0.00   40.82
23:27:27      15    5.10    0.00   44.90    0.00    0.00    0.00    0.00    0.00    0.00   50.00
23:27:27      16    4.12    0.00   49.48    0.00    0.00    0.00    0.00    0.00    0.00   46.39
23:27:27      17    5.10    0.00   54.08    0.00    0.00    0.00    0.00    0.00    0.00   40.82
23:27:27      18    5.05    0.00   48.48    0.00    0.00    0.00    0.00    0.00    0.00   46.46
23:27:27      19    4.12    0.00   50.52    0.00    0.00    0.00    0.00    0.00    0.00   45.36

23:27:27     CPU    %usr   %nice    %sys %iowait    %irq   %soft  %steal  %guest  %gnice   %idle
23:27:28     all    4.88    0.00   43.86    0.00    0.00    0.30    0.00    0.00    0.00   50.96
23:27:28       0    3.96    0.00   37.62    0.00    0.00    2.97    0.00    0.00    0.00   55.45
23:27:28       1    6.00    0.00   46.00    0.00    0.00    1.00    0.00    0.00    0.00   47.00
23:27:28       2    4.04    0.00   44.44    0.00    0.00    1.01    0.00    0.00    0.00   50.51
23:27:28       3    6.06    0.00   49.49    0.00    0.00    0.00    0.00    0.00    0.00   44.44
23:27:28       4    2.02    0.00   37.37    0.00    0.00    0.00    0.00    0.00    0.00   60.61
23:27:28       5    5.00    0.00   36.00    0.00    0.00    1.00    0.00    0.00    0.00   58.00
23:27:28       6    5.00    0.00   50.00    0.00    0.00    0.00    0.00    0.00    0.00   45.00
23:27:28       7    6.06    0.00   51.52    0.00    0.00    0.00    0.00    0.00    0.00   42.42
23:27:28       8    5.10    0.00   46.94    0.00    0.00    0.00    0.00    0.00    0.00   47.96
23:27:28       9    4.04    0.00   35.35    0.00    0.00    0.00    0.00    0.00    0.00   60.61
23:27:28      10    5.05    0.00   36.36    0.00    0.00    0.00    0.00    0.00    0.00   58.59
23:27:28      11    5.05    0.00   47.47    0.00    0.00    0.00    0.00    0.00    0.00   47.47
23:27:28      12    4.04    0.00   39.39    0.00    0.00    0.00    0.00    0.00    0.00   56.57
23:27:28      13    5.05    0.00   47.47    0.00    0.00    0.00    0.00    0.00    0.00   47.47
23:27:28      14    6.06    0.00   51.52    0.00    0.00    0.00    0.00    0.00    0.00   42.42
23:27:28      15    5.00    0.00   46.00    0.00    0.00    0.00    0.00    0.00    0.00   49.00
23:27:28      16    6.00    0.00   42.00    0.00    0.00    0.00    0.00    0.00    0.00   52.00
23:27:28      17    6.06    0.00   44.44    0.00    0.00    0.00    0.00    0.00    0.00   49.49
23:27:28      18    4.04    0.00   41.41    0.00    0.00    0.00    0.00    0.00    0.00   54.55
23:27:28      19    4.04    0.00   46.46    0.00    0.00    0.00    0.00    0.00    0.00   49.49

23:27:28     CPU    %usr   %nice    %sys %iowait    %irq   %soft  %steal  %guest  %gnice   %idle
23:27:29     all    5.03    0.00   44.06    0.00    0.00    0.20    0.00    0.00    0.00   50.70
23:27:29       0    4.95    0.00   43.56    0.00    0.00    2.97    0.00    0.00    0.00   48.51
23:27:29       1    3.00    0.00   41.00    0.00    0.00    1.00    0.00    0.00    0.00   55.00
23:27:29       2    7.07    0.00   49.49    0.00    0.00    0.00    0.00    0.00    0.00   43.43
23:27:29       3    5.05    0.00   38.38    0.00    0.00    0.00    0.00    0.00    0.00   56.57
23:27:29       4    5.94    0.00   41.58    0.00    0.00    0.00    0.00    0.00    0.00   52.48
23:27:29       5    5.05    0.00   41.41    0.00    0.00    0.00    0.00    0.00    0.00   53.54
23:27:29       6    5.05    0.00   45.45    0.00    0.00    0.00    0.00    0.00    0.00   49.49
23:27:29       7    4.00    0.00   49.00    0.00    0.00    0.00    0.00    0.00    0.00   47.00
23:27:29       8    7.00    0.00   41.00    0.00    0.00    0.00    0.00    0.00    0.00   52.00
23:27:29       9    5.10    0.00   45.92    0.00    0.00    0.00    0.00    0.00    0.00   48.98
23:27:29      10    6.06    0.00   40.40    0.00    0.00    0.00    0.00    0.00    0.00   53.54
23:27:29      11    2.02    0.00   32.32    0.00    0.00    0.00    0.00    0.00    0.00   65.66
23:27:29      12    5.00    0.00   51.00    0.00    0.00    0.00    0.00    0.00    0.00   44.00
23:27:29      13    5.05    0.00   42.42    0.00    0.00    0.00    0.00    0.00    0.00   52.53
23:27:29      14    7.00    0.00   47.00    0.00    0.00    0.00    0.00    0.00    0.00   46.00
23:27:29      15    4.04    0.00   45.45    0.00    0.00    0.00    0.00    0.00    0.00   50.51
23:27:29      16    5.05    0.00   46.46    0.00    0.00    0.00    0.00    0.00    0.00   48.48
23:27:29      17    7.00    0.00   55.00    0.00    0.00    0.00    0.00    0.00    0.00   38.00
23:27:29      18    3.03    0.00   40.40    0.00    0.00    0.00    0.00    0.00    0.00   56.57
23:27:29      19    4.08    0.00   43.88    0.00    0.00    0.00    0.00    0.00    0.00   52.04

23:27:29     CPU    %usr   %nice    %sys %iowait    %irq   %soft  %steal  %guest  %gnice   %idle
23:27:30     all    5.38    0.00   46.46    0.00    0.00    0.40    0.00    0.00    0.00   47.76
23:27:30       0    6.00    0.00   53.00    0.00    0.00    1.00    0.00    0.00    0.00   40.00
23:27:30       1    3.96    0.00   45.54    0.00    0.00    1.98    0.00    0.00    0.00   48.51
23:27:30       2    5.94    0.00   45.54    0.00    0.00    0.99    0.00    0.00    0.00   47.52
23:27:30       3    4.00    0.00   44.00    0.00    0.00    1.00    0.00    0.00    0.00   51.00
23:27:30       4    4.00    0.00   45.00    0.00    0.00    1.00    0.00    0.00    0.00   50.00
23:27:30       5    6.06    0.00   49.49    0.00    0.00    0.00    0.00    0.00    0.00   44.44
23:27:30       6    4.04    0.00   44.44    0.00    0.00    0.00    0.00    0.00    0.00   51.52
23:27:30       7    7.14    0.00   43.88    0.00    0.00    0.00    0.00    0.00    0.00   48.98
23:27:30       8    7.07    0.00   41.41    0.00    0.00    0.00    0.00    0.00    0.00   51.52
23:27:30       9    5.05    0.00   48.48    0.00    0.00    0.00    0.00    0.00    0.00   46.46
23:27:30      10    6.06    0.00   47.47    0.00    0.00    0.00    0.00    0.00    0.00   46.46
23:27:30      11    4.04    0.00   49.49    0.00    0.00    0.00    0.00    0.00    0.00   46.46
23:27:30      12    4.00    0.00   42.00    0.00    0.00    0.00    0.00    0.00    0.00   54.00
23:27:30      13    9.00    0.00   47.00    0.00    0.00    1.00    0.00    0.00    0.00   43.00
23:27:30      14    3.00    0.00   48.00    0.00    0.00    1.00    0.00    0.00    0.00   48.00
23:27:30      15    5.05    0.00   44.44    0.00    0.00    0.00    0.00    0.00    0.00   50.51
23:27:30      16    5.05    0.00   51.52    0.00    0.00    0.00    0.00    0.00    0.00   43.43
23:27:30      17    3.06    0.00   45.92    0.00    0.00    0.00    0.00    0.00    0.00   51.02
23:27:30      18    6.06    0.00   42.42    0.00    0.00    0.00    0.00    0.00    0.00   51.52
23:27:30      19    9.00    0.00   50.00    0.00    0.00    0.00    0.00    0.00    0.00   41.00

Average:     CPU    %usr   %nice    %sys %iowait    %irq   %soft  %steal  %guest  %gnice   %idle
Average:     all    5.06    0.00   44.51    0.00    0.00    0.31    0.00    0.00    0.00   50.11
Average:       0    4.65    0.00   44.26    0.00    0.00    2.28    0.00    0.00    0.00   48.81
Average:       1    5.06    0.00   43.40    0.00    0.00    1.79    0.00    0.00    0.00   49.75
Average:       2    5.41    0.00   45.29    0.00    0.00    0.80    0.00    0.00    0.00   48.50
Average:       3    4.63    0.00   44.81    0.00    0.00    0.30    0.00    0.00    0.00   50.25
Average:       4    5.12    0.00   43.07    0.00    0.00    0.30    0.00    0.00    0.00   51.51
Average:       5    4.93    0.00   42.45    0.00    0.00    0.20    0.00    0.00    0.00   52.41
Average:       6    4.83    0.00   43.71    0.00    0.00    0.10    0.00    0.00    0.00   51.36
Average:       7    5.66    0.00   46.57    0.00    0.00    0.00    0.00    0.00    0.00   47.78
Average:       8    5.25    0.00   44.20    0.00    0.00    0.10    0.00    0.00    0.00   50.45
Average:       9    4.85    0.00   43.23    0.00    0.00    0.00    0.00    0.00    0.00   51.92
Average:      10    4.94    0.00   42.89    0.00    0.00    0.00    0.00    0.00    0.00   52.17
Average:      11    4.73    0.00   45.47    0.00    0.00    0.10    0.00    0.00    0.00   49.70
Average:      12    4.83    0.00   43.16    0.00    0.00    0.00    0.00    0.00    0.00   52.01
Average:      13    5.65    0.00   45.01    0.00    0.00    0.10    0.00    0.00    0.00   49.24
Average:      14    4.94    0.00   46.67    0.00    0.00    0.10    0.00    0.00    0.00   48.29
Average:      15    4.85    0.00   44.08    0.00    0.00    0.00    0.00    0.00    0.00   51.06
Average:      16    5.75    0.00   47.43    0.00    0.00    0.00    0.00    0.00    0.00   46.82
Average:      17    5.15    0.00   46.06    0.00    0.00    0.00    0.00    0.00    0.00   48.79
Average:      18    4.95    0.00   43.64    0.00    0.00    0.00    0.00    0.00    0.00   51.41
Average:      19    5.05    0.00   44.90    0.00    0.00    0.00    0.00    0.00    0.00   50.05
