Linux 6.8.0-138-generic (snapshots-gpu-mi300x1-192gb-devcloud-atl1) 	10/06/26 	_x86_64_	(20 CPU)

21:26:00     CPU    %usr   %nice    %sys %iowait    %irq   %soft  %steal  %guest  %gnice   %idle
21:26:01     all    5.14    0.00   49.22    0.00    0.00    0.25    0.00    0.00    0.00   45.39
21:26:01       0    7.77    0.00   46.60    0.00    0.00    3.88    0.00    0.00    0.00   41.75
21:26:01       1    2.00    0.00   49.00    0.00    0.00    1.00    0.00    0.00    0.00   48.00
21:26:01       2    2.02    0.00   51.52    0.00    0.00    0.00    0.00    0.00    0.00   46.46
21:26:01       3    5.05    0.00   48.48    0.00    0.00    0.00    0.00    0.00    0.00   46.46
21:26:01       4    3.06    0.00   46.94    0.00    0.00    0.00    0.00    0.00    0.00   50.00
21:26:01       5    4.00    0.00   51.00    0.00    0.00    0.00    0.00    0.00    0.00   45.00
21:26:01       6    3.00    0.00   49.00    0.00    0.00    0.00    0.00    0.00    0.00   48.00
21:26:01       7    6.06    0.00   49.49    0.00    0.00    0.00    0.00    0.00    0.00   44.44
21:26:01       8    5.05    0.00   50.51    0.00    0.00    0.00    0.00    0.00    0.00   44.44
21:26:01       9    8.16    0.00   50.00    0.00    0.00    0.00    0.00    0.00    0.00   41.84
21:26:01      10    6.06    0.00   54.55    0.00    0.00    0.00    0.00    0.00    0.00   39.39
21:26:01      11    5.00    0.00   50.00    0.00    0.00    0.00    0.00    0.00    0.00   45.00
21:26:01      12    3.03    0.00   50.51    0.00    0.00    0.00    0.00    0.00    0.00   46.46
21:26:01      13    8.08    0.00   44.44    0.00    0.00    0.00    0.00    0.00    0.00   47.47
21:26:01      14    6.06    0.00   48.48    0.00    0.00    0.00    0.00    0.00    0.00   45.45
21:26:01      15    5.05    0.00   57.58    0.00    0.00    0.00    0.00    0.00    0.00   37.37
21:26:01      16   10.10    0.00   43.43    0.00    0.00    0.00    0.00    0.00    0.00   46.46
21:26:01      17    4.04    0.00   45.45    0.00    0.00    0.00    0.00    0.00    0.00   50.51
21:26:01      18    4.08    0.00   53.06    0.00    0.00    0.00    0.00    0.00    0.00   42.86
21:26:01      19    5.05    0.00   44.44    0.00    0.00    0.00    0.00    0.00    0.00   50.51

21:26:01     CPU    %usr   %nice    %sys %iowait    %irq   %soft  %steal  %guest  %gnice   %idle
21:26:02     all    4.92    0.00   50.55    0.00    0.00    0.30    0.00    0.00    0.00   44.22
21:26:02       0    3.96    0.00   46.53    0.00    0.00    1.98    0.00    0.00    0.00   47.52
21:26:02       1    3.92    0.00   48.04    0.00    0.00    1.96    0.00    0.00    0.00   46.08
21:26:02       2    5.94    0.00   47.52    0.00    0.00    0.99    0.00    0.00    0.00   45.54
21:26:02       3    3.00    0.00   48.00    0.00    0.00    0.00    0.00    0.00    0.00   49.00
21:26:02       4    4.00    0.00   48.00    0.00    0.00    0.00    0.00    0.00    0.00   48.00
21:26:02       5    3.06    0.00   51.02    0.00    0.00    0.00    0.00    0.00    0.00   45.92
21:26:02       6    7.00    0.00   53.00    0.00    0.00    0.00    0.00    0.00    0.00   40.00
21:26:02       7    7.07    0.00   56.57    0.00    0.00    0.00    0.00    0.00    0.00   36.36
21:26:02       8    3.03    0.00   55.56    0.00    0.00    0.00    0.00    0.00    0.00   41.41
21:26:02       9    3.96    0.00   46.53    0.00    0.00    0.00    0.00    0.00    0.00   49.50
21:26:02      10    5.05    0.00   46.46    0.00    0.00    0.00    0.00    0.00    0.00   48.48
21:26:02      11    4.04    0.00   61.62    0.00    0.00    0.00    0.00    0.00    0.00   34.34
21:26:02      12    4.08    0.00   53.06    0.00    0.00    0.00    0.00    0.00    0.00   42.86
21:26:02      13    4.08    0.00   54.08    0.00    0.00    0.00    0.00    0.00    0.00   41.84
21:26:02      14    8.91    0.00   46.53    0.00    0.00    0.00    0.00    0.00    0.00   44.55
21:26:02      15    6.06    0.00   53.54    0.00    0.00    0.00    0.00    0.00    0.00   40.40
21:26:02      16    5.10    0.00   58.16    0.00    0.00    0.00    0.00    0.00    0.00   36.73
21:26:02      17    4.04    0.00   51.52    0.00    0.00    1.01    0.00    0.00    0.00   43.43
21:26:02      18    5.05    0.00   44.44    0.00    0.00    0.00    0.00    0.00    0.00   50.51
21:26:02      19    7.07    0.00   41.41    0.00    0.00    0.00    0.00    0.00    0.00   51.52

21:26:02     CPU    %usr   %nice    %sys %iowait    %irq   %soft  %steal  %guest  %gnice   %idle
21:26:03     all    4.79    0.00   50.45    0.00    0.00    0.40    0.00    0.00    0.00   44.35
21:26:03       0    8.74    0.00   43.69    0.00    0.00    2.91    0.00    0.00    0.00   44.66
21:26:03       1    4.08    0.00   57.14    0.00    0.00    1.02    0.00    0.00    0.00   37.76
21:26:03       2    4.04    0.00   36.36    0.00    0.00    2.02    0.00    0.00    0.00   57.58
21:26:03       3    7.07    0.00   43.43    0.00    0.00    1.01    0.00    0.00    0.00   48.48
21:26:03       4    4.04    0.00   47.47    0.00    0.00    0.00    0.00    0.00    0.00   48.48
21:26:03       5    5.05    0.00   55.56    0.00    0.00    0.00    0.00    0.00    0.00   39.39
21:26:03       6    5.05    0.00   56.57    0.00    0.00    0.00    0.00    0.00    0.00   38.38
21:26:03       7    7.00    0.00   53.00    0.00    0.00    1.00    0.00    0.00    0.00   39.00
21:26:03       8    4.04    0.00   56.57    0.00    0.00    0.00    0.00    0.00    0.00   39.39
21:26:03       9    3.06    0.00   37.76    0.00    0.00    0.00    0.00    0.00    0.00   59.18
21:26:03      10    3.03    0.00   44.44    0.00    0.00    0.00    0.00    0.00    0.00   52.53
21:26:03      11    4.08    0.00   57.14    0.00    0.00    0.00    0.00    0.00    0.00   38.78
21:26:03      12    5.00    0.00   55.00    0.00    0.00    0.00    0.00    0.00    0.00   40.00
21:26:03      13    4.04    0.00   49.49    0.00    0.00    0.00    0.00    0.00    0.00   46.46
21:26:03      14    4.08    0.00   53.06    0.00    0.00    0.00    0.00    0.00    0.00   42.86
21:26:03      15    4.04    0.00   53.54    0.00    0.00    0.00    0.00    0.00    0.00   42.42
21:26:03      16    4.08    0.00   55.10    0.00    0.00    0.00    0.00    0.00    0.00   40.82
21:26:03      17    5.05    0.00   55.56    0.00    0.00    0.00    0.00    0.00    0.00   39.39
21:26:03      18    4.04    0.00   42.42    0.00    0.00    0.00    0.00    0.00    0.00   53.54
21:26:03      19    6.00    0.00   56.00    0.00    0.00    0.00    0.00    0.00    0.00   38.00

21:26:03     CPU    %usr   %nice    %sys %iowait    %irq   %soft  %steal  %guest  %gnice   %idle
21:26:04     all    5.20    0.00   48.53    0.00    0.00    0.50    0.00    0.00    0.00   45.78
21:26:04       0    5.88    0.00   53.92    0.00    0.00    3.92    0.00    0.00    0.00   36.27
21:26:04       1    4.85    0.00   49.51    0.00    0.00    1.94    0.00    0.00    0.00   43.69
21:26:04       2    3.96    0.00   41.58    0.00    0.00    1.98    0.00    0.00    0.00   52.48
21:26:04       3    5.94    0.00   49.50    0.00    0.00    0.99    0.00    0.00    0.00   43.56
21:26:04       4    9.09    0.00   49.49    0.00    0.00    1.01    0.00    0.00    0.00   40.40
21:26:04       5    4.04    0.00   54.55    0.00    0.00    0.00    0.00    0.00    0.00   41.41
21:26:04       6    3.03    0.00   48.48    0.00    0.00    0.00    0.00    0.00    0.00   48.48
21:26:04       7    5.00    0.00   47.00    0.00    0.00    0.00    0.00    0.00    0.00   48.00
21:26:04       8    3.00    0.00   46.00    0.00    0.00    0.00    0.00    0.00    0.00   51.00
21:26:04       9    5.00    0.00   56.00    0.00    0.00    0.00    0.00    0.00    0.00   39.00
21:26:04      10    5.05    0.00   52.53    0.00    0.00    0.00    0.00    0.00    0.00   42.42
21:26:04      11    6.00    0.00   43.00    0.00    0.00    0.00    0.00    0.00    0.00   51.00
21:26:04      12    6.00    0.00   50.00    0.00    0.00    0.00    0.00    0.00    0.00   44.00
21:26:04      13    4.00    0.00   46.00    0.00    0.00    0.00    0.00    0.00    0.00   50.00
21:26:04      14    9.00    0.00   44.00    0.00    0.00    0.00    0.00    0.00    0.00   47.00
21:26:04      15    4.00    0.00   54.00    0.00    0.00    0.00    0.00    0.00    0.00   42.00
21:26:04      16    6.06    0.00   47.47    0.00    0.00    0.00    0.00    0.00    0.00   46.46
21:26:04      17    4.00    0.00   50.00    0.00    0.00    0.00    0.00    0.00    0.00   46.00
21:26:04      18    6.06    0.00   49.49    0.00    0.00    0.00    0.00    0.00    0.00   44.44
21:26:04      19    4.00    0.00   38.00    0.00    0.00    0.00    0.00    0.00    0.00   58.00

21:26:04     CPU    %usr   %nice    %sys %iowait    %irq   %soft  %steal  %guest  %gnice   %idle
21:26:05     all    4.69    0.00   49.02    0.00    0.00    0.35    0.05    0.00    0.00   45.89
21:26:05       0    2.91    0.00   40.78    0.00    0.00    2.91    0.00    0.00    0.00   53.40
21:26:05       1    4.00    0.00   50.00    0.00    0.00    1.00    0.00    0.00    0.00   45.00
21:26:05       2    5.00    0.00   55.00    0.00    0.00    1.00    0.00    0.00    0.00   39.00
21:26:05       3    2.02    0.00   36.36    0.00    0.00    1.01    0.00    0.00    0.00   60.61
21:26:05       4   11.11    0.00   52.53    0.00    0.00    0.00    0.00    0.00    0.00   36.36
21:26:05       5    3.03    0.00   42.42    0.00    0.00    1.01    0.00    0.00    0.00   53.54
21:26:05       6    5.00    0.00   52.00    0.00    0.00    0.00    0.00    0.00    0.00   43.00
21:26:05       7    5.10    0.00   52.04    0.00    0.00    0.00    0.00    0.00    0.00   42.86
21:26:05       8    3.06    0.00   52.04    0.00    0.00    0.00    0.00    0.00    0.00   44.90
21:26:05       9    5.15    0.00   54.64    0.00    0.00    0.00    0.00    0.00    0.00   40.21
21:26:05      10    5.00    0.00   49.00    0.00    0.00    0.00    0.00    0.00    0.00   46.00
21:26:05      11    4.08    0.00   54.08    0.00    0.00    0.00    0.00    0.00    0.00   41.84
21:26:05      12    6.06    0.00   51.52    0.00    0.00    0.00    0.00    0.00    0.00   42.42
21:26:05      13    4.08    0.00   51.02    0.00    0.00    0.00    0.00    0.00    0.00   44.90
21:26:05      14    3.06    0.00   39.80    0.00    0.00    0.00    0.00    0.00    0.00   57.14
21:26:05      15    6.12    0.00   52.04    0.00    0.00    0.00    0.00    0.00    0.00   41.84
21:26:05      16    5.05    0.00   47.47    0.00    0.00    0.00    0.00    0.00    0.00   47.47
21:26:05      17    4.04    0.00   57.58    0.00    0.00    0.00    0.00    0.00    0.00   38.38
21:26:05      18    4.00    0.00   44.00    0.00    0.00    0.00    0.00    0.00    0.00   52.00
21:26:05      19    6.06    0.00   46.46    0.00    0.00    0.00    1.01    0.00    0.00   46.46

21:26:05     CPU    %usr   %nice    %sys %iowait    %irq   %soft  %steal  %guest  %gnice   %idle
21:26:06     all    5.22    0.00   50.25    0.00    0.00    0.50    0.00    0.00    0.00   44.03
21:26:06       0    3.88    0.00   46.60    0.00    0.00    4.85    0.00    0.00    0.00   44.66
21:26:06       1    7.00    0.00   56.00    0.00    0.00    1.00    0.00    0.00    0.00   36.00
21:26:06       2    2.97    0.00   40.59    0.00    0.00    1.98    0.00    0.00    0.00   54.46
21:26:06       3    7.07    0.00   47.47    0.00    0.00    0.00    0.00    0.00    0.00   45.45
21:26:06       4    6.93    0.00   49.50    0.00    0.00    0.99    0.00    0.00    0.00   42.57
21:26:06       5    4.00    0.00   51.00    0.00    0.00    0.00    0.00    0.00    0.00   45.00
21:26:06       6    4.04    0.00   42.42    0.00    0.00    1.01    0.00    0.00    0.00   52.53
21:26:06       7    5.05    0.00   51.52    0.00    0.00    0.00    0.00    0.00    0.00   43.43
21:26:06       8    4.04    0.00   54.55    0.00    0.00    0.00    0.00    0.00    0.00   41.41
21:26:06       9    3.00    0.00   48.00    0.00    0.00    0.00    0.00    0.00    0.00   49.00
21:26:06      10    3.06    0.00   52.04    0.00    0.00    0.00    0.00    0.00    0.00   44.90
21:26:06      11    6.06    0.00   53.54    0.00    0.00    0.00    0.00    0.00    0.00   40.40
21:26:06      12    6.06    0.00   53.54    0.00    0.00    0.00    0.00    0.00    0.00   40.40
21:26:06      13    8.00    0.00   60.00    0.00    0.00    0.00    0.00    0.00    0.00   32.00
21:26:06      14   10.00    0.00   57.00    0.00    0.00    0.00    0.00    0.00    0.00   33.00
21:26:06      15    2.02    0.00   46.46    0.00    0.00    0.00    0.00    0.00    0.00   51.52
21:26:06      16    3.00    0.00   42.00    0.00    0.00    0.00    0.00    0.00    0.00   55.00
21:26:06      17    6.06    0.00   49.49    0.00    0.00    0.00    0.00    0.00    0.00   44.44
21:26:06      18    6.06    0.00   47.47    0.00    0.00    0.00    0.00    0.00    0.00   46.46
21:26:06      19    6.00    0.00   56.00    0.00    0.00    0.00    0.00    0.00    0.00   38.00

21:26:06     CPU    %usr   %nice    %sys %iowait    %irq   %soft  %steal  %guest  %gnice   %idle
21:26:07     all    5.14    0.00   51.29    0.00    0.00    0.40    0.00    0.00    0.00   43.17
21:26:07       0    3.96    0.00   55.45    0.00    0.00    1.98    0.00    0.00    0.00   38.61
21:26:07       1    3.96    0.00   53.47    0.00    0.00    2.97    0.00    0.00    0.00   39.60
21:26:07       2    4.04    0.00   51.52    0.00    0.00    1.01    0.00    0.00    0.00   43.43
21:26:07       3    8.16    0.00   54.08    0.00    0.00    0.00    0.00    0.00    0.00   37.76
21:26:07       4    5.05    0.00   59.60    0.00    0.00    0.00    0.00    0.00    0.00   35.35
21:26:07       5    3.03    0.00   50.51    0.00    0.00    1.01    0.00    0.00    0.00   45.45
21:26:07       6    6.00    0.00   43.00    0.00    0.00    0.00    0.00    0.00    0.00   51.00
21:26:07       7    4.04    0.00   50.51    0.00    0.00    0.00    0.00    0.00    0.00   45.45
21:26:07       8    4.00    0.00   49.00    0.00    0.00    0.00    0.00    0.00    0.00   47.00
21:26:07       9    5.05    0.00   55.56    0.00    0.00    0.00    0.00    0.00    0.00   39.39
21:26:07      10    7.07    0.00   57.58    0.00    0.00    0.00    0.00    0.00    0.00   35.35
21:26:07      11    7.14    0.00   46.94    0.00    0.00    0.00    0.00    0.00    0.00   45.92
21:26:07      12    4.04    0.00   40.40    0.00    0.00    0.00    0.00    0.00    0.00   55.56
21:26:07      13    7.07    0.00   54.55    0.00    0.00    0.00    0.00    0.00    0.00   38.38
21:26:07      14    5.10    0.00   52.04    0.00    0.00    0.00    0.00    0.00    0.00   42.86
21:26:07      15    3.03    0.00   50.51    0.00    0.00    0.00    0.00    0.00    0.00   46.46
21:26:07      16    7.14    0.00   48.98    0.00    0.00    0.00    0.00    0.00    0.00   43.88
21:26:07      17    4.04    0.00   47.47    0.00    0.00    0.00    0.00    0.00    0.00   48.48
21:26:07      18    3.00    0.00   57.00    0.00    0.00    1.00    0.00    0.00    0.00   39.00
21:26:07      19    8.08    0.00   47.47    0.00    0.00    0.00    0.00    0.00    0.00   44.44

21:26:07     CPU    %usr   %nice    %sys %iowait    %irq   %soft  %steal  %guest  %gnice   %idle
21:26:08     all    5.08    0.00   50.55    0.00    0.00    0.40    0.00    0.00    0.00   43.96
21:26:08       0    2.00    0.00   48.00    0.00    0.00    3.00    0.00    0.00    0.00   47.00
21:26:08       1    4.00    0.00   46.00    0.00    0.00    1.00    0.00    0.00    0.00   49.00
21:26:08       2    4.95    0.00   45.54    0.00    0.00    0.99    0.00    0.00    0.00   48.51
21:26:08       3    4.95    0.00   42.57    0.00    0.00    0.99    0.00    0.00    0.00   51.49
21:26:08       4    4.04    0.00   46.46    0.00    0.00    1.01    0.00    0.00    0.00   48.48
21:26:08       5    6.00    0.00   45.00    0.00    0.00    0.00    0.00    0.00    0.00   49.00
21:26:08       6    3.03    0.00   56.57    0.00    0.00    0.00    0.00    0.00    0.00   40.40
21:26:08       7    4.04    0.00   59.60    0.00    0.00    0.00    0.00    0.00    0.00   36.36
21:26:08       8    6.06    0.00   48.48    0.00    0.00    1.01    0.00    0.00    0.00   44.44
21:26:08       9   13.13    0.00   52.53    0.00    0.00    0.00    0.00    0.00    0.00   34.34
21:26:08      10    6.00    0.00   60.00    0.00    0.00    0.00    0.00    0.00    0.00   34.00
21:26:08      11    2.02    0.00   48.48    0.00    0.00    0.00    0.00    0.00    0.00   49.49
21:26:08      12    5.05    0.00   48.48    0.00    0.00    0.00    0.00    0.00    0.00   46.46
21:26:08      13   13.13    0.00   58.59    0.00    0.00    0.00    0.00    0.00    0.00   28.28
21:26:08      14    4.00    0.00   51.00    0.00    0.00    0.00    0.00    0.00    0.00   45.00
21:26:08      15    3.06    0.00   55.10    0.00    0.00    0.00    0.00    0.00    0.00   41.84
21:26:08      16    3.00    0.00   51.00    0.00    0.00    0.00    0.00    0.00    0.00   46.00
21:26:08      17    6.12    0.00   61.22    0.00    0.00    0.00    0.00    0.00    0.00   32.65
21:26:08      18    4.08    0.00   52.04    0.00    0.00    0.00    0.00    0.00    0.00   43.88
21:26:08      19    3.00    0.00   35.00    0.00    0.00    0.00    0.00    0.00    0.00   62.00

21:26:08     CPU    %usr   %nice    %sys %iowait    %irq   %soft  %steal  %guest  %gnice   %idle
21:26:09     all    5.08    0.00   47.99    0.00    0.00    0.40    0.00    0.00    0.00   46.53
21:26:09       0    4.95    0.00   45.54    0.00    0.00    1.98    0.00    0.00    0.00   47.52
21:26:09       1    6.00    0.00   51.00    0.00    0.00    2.00    0.00    0.00    0.00   41.00
21:26:09       2    4.95    0.00   50.50    0.00    0.00    1.98    0.00    0.00    0.00   42.57
21:26:09       3    5.00    0.00   42.00    0.00    0.00    2.00    0.00    0.00    0.00   51.00
21:26:09       4    8.08    0.00   47.47    0.00    0.00    0.00    0.00    0.00    0.00   44.44
21:26:09       5    3.06    0.00   41.84    0.00    0.00    0.00    0.00    0.00    0.00   55.10
21:26:09       6    5.00    0.00   54.00    0.00    0.00    0.00    0.00    0.00    0.00   41.00
21:26:09       7    5.05    0.00   47.47    0.00    0.00    0.00    0.00    0.00    0.00   47.47
21:26:09       8    2.02    0.00   45.45    0.00    0.00    0.00    0.00    0.00    0.00   52.53
21:26:09       9    6.06    0.00   40.40    0.00    0.00    0.00    0.00    0.00    0.00   53.54
21:26:09      10    4.04    0.00   45.45    0.00    0.00    0.00    0.00    0.00    0.00   50.51
21:26:09      11    5.05    0.00   52.53    0.00    0.00    0.00    0.00    0.00    0.00   42.42
21:26:09      12    4.04    0.00   49.49    0.00    0.00    0.00    0.00    0.00    0.00   46.46
21:26:09      13    5.05    0.00   48.48    0.00    0.00    0.00    0.00    0.00    0.00   46.46
21:26:09      14    4.00    0.00   51.00    0.00    0.00    0.00    0.00    0.00    0.00   45.00
21:26:09      15    6.00    0.00   55.00    0.00    0.00    0.00    0.00    0.00    0.00   39.00
21:26:09      16    6.00    0.00   50.00    0.00    0.00    0.00    0.00    0.00    0.00   44.00
21:26:09      17    4.00    0.00   41.00    0.00    0.00    0.00    0.00    0.00    0.00   55.00
21:26:09      18    7.07    0.00   50.51    0.00    0.00    0.00    0.00    0.00    0.00   42.42
21:26:09      19    6.19    0.00   50.52    0.00    0.00    0.00    0.00    0.00    0.00   43.30

21:26:09     CPU    %usr   %nice    %sys %iowait    %irq   %soft  %steal  %guest  %gnice   %idle
21:26:10     all    5.27    0.00   48.75    0.00    0.00    0.25    0.00    0.00    0.00   45.74
21:26:10       0   10.78    0.00   49.02    0.00    0.00    1.96    0.00    0.00    0.00   38.24
21:26:10       1    3.96    0.00   54.46    0.00    0.00    1.98    0.00    0.00    0.00   39.60
21:26:10       2    8.00    0.00   47.00    0.00    0.00    1.00    0.00    0.00    0.00   44.00
21:26:10       3    5.00    0.00   49.00    0.00    0.00    0.00    0.00    0.00    0.00   46.00
21:26:10       4    6.00    0.00   57.00    0.00    0.00    0.00    0.00    0.00    0.00   37.00
21:26:10       5    5.00    0.00   49.00    0.00    0.00    0.00    0.00    0.00    0.00   46.00
21:26:10       6    3.06    0.00   47.96    0.00    0.00    0.00    0.00    0.00    0.00   48.98
21:26:10       7    9.00    0.00   56.00    0.00    0.00    0.00    0.00    0.00    0.00   35.00
21:26:10       8   10.10    0.00   51.52    0.00    0.00    0.00    0.00    0.00    0.00   38.38
21:26:10       9    3.00    0.00   35.00    0.00    0.00    0.00    0.00    0.00    0.00   62.00
21:26:10      10    4.04    0.00   54.55    0.00    0.00    0.00    0.00    0.00    0.00   41.41
21:26:10      11    6.93    0.00   48.51    0.00    0.00    0.00    0.00    0.00    0.00   44.55
21:26:10      12    3.00    0.00   51.00    0.00    0.00    0.00    0.00    0.00    0.00   46.00
21:26:10      13    3.06    0.00   43.88    0.00    0.00    0.00    0.00    0.00    0.00   53.06
21:26:10      14    5.05    0.00   44.44    0.00    0.00    0.00    0.00    0.00    0.00   50.51
21:26:10      15    2.04    0.00   43.88    0.00    0.00    0.00    0.00    0.00    0.00   54.08
21:26:10      16    3.00    0.00   40.00    0.00    0.00    0.00    0.00    0.00    0.00   57.00
21:26:10      17    5.00    0.00   54.00    0.00    0.00    0.00    0.00    0.00    0.00   41.00
21:26:10      18    3.03    0.00   48.48    0.00    0.00    0.00    0.00    0.00    0.00   48.48
21:26:10      19    6.00    0.00   50.00    0.00    0.00    0.00    0.00    0.00    0.00   44.00

Average:     CPU    %usr   %nice    %sys %iowait    %irq   %soft  %steal  %guest  %gnice   %idle
Average:     all    5.05    0.00   49.66    0.00    0.00    0.38    0.01    0.00    0.00   44.91
Average:       0    5.50    0.00   47.60    0.00    0.00    2.94    0.00    0.00    0.00   43.96
Average:       1    4.38    0.00   51.44    0.00    0.00    1.59    0.00    0.00    0.00   42.59
Average:       2    4.59    0.00   46.71    0.00    0.00    1.30    0.00    0.00    0.00   47.41
Average:       3    5.32    0.00   46.08    0.00    0.00    0.60    0.00    0.00    0.00   47.99
Average:       4    6.14    0.00   50.45    0.00    0.00    0.30    0.00    0.00    0.00   43.10
Average:       5    4.03    0.00   49.19    0.00    0.00    0.20    0.00    0.00    0.00   46.57
Average:       6    4.43    0.00   50.30    0.00    0.00    0.10    0.00    0.00    0.00   45.17
Average:       7    5.75    0.00   52.32    0.00    0.00    0.10    0.00    0.00    0.00   41.83
Average:       8    4.44    0.00   50.96    0.00    0.00    0.10    0.00    0.00    0.00   44.50
Average:       9    5.55    0.00   47.63    0.00    0.00    0.00    0.00    0.00    0.00   46.82
Average:      10    4.84    0.00   51.66    0.00    0.00    0.00    0.00    0.00    0.00   43.49
Average:      11    5.05    0.00   51.56    0.00    0.00    0.00    0.00    0.00    0.00   43.39
Average:      12    4.64    0.00   50.30    0.00    0.00    0.00    0.00    0.00    0.00   45.06
Average:      13    6.07    0.00   51.06    0.00    0.00    0.00    0.00    0.00    0.00   42.87
Average:      14    5.94    0.00   48.74    0.00    0.00    0.00    0.00    0.00    0.00   45.32
Average:      15    4.15    0.00   52.17    0.00    0.00    0.00    0.00    0.00    0.00   43.68
Average:      16    5.25    0.00   48.34    0.00    0.00    0.00    0.00    0.00    0.00   46.42
Average:      17    4.64    0.00   51.31    0.00    0.00    0.10    0.00    0.00    0.00   43.95
Average:      18    4.65    0.00   48.89    0.00    0.00    0.10    0.00    0.00    0.00   46.36
Average:      19    5.74    0.00   46.53    0.00    0.00    0.00    0.10    0.00    0.00   47.63
