Linux 6.8.0-138-generic (snapshots-gpu-mi300x1-192gb-devcloud-atl1) 	10/06/26 	_x86_64_	(20 CPU)

23:28:28     CPU    %usr   %nice    %sys %iowait    %irq   %soft  %steal  %guest  %gnice   %idle
23:28:29     all    2.97    0.00   37.66    0.00    0.00    0.55    0.00    0.00    0.00   58.81
23:28:29       0    2.91    0.00   37.86    0.00    0.00    4.85    0.00    0.00    0.00   54.37
23:28:29       1    3.96    0.00   40.59    0.00    0.00    2.97    0.00    0.00    0.00   52.48
23:28:29       2    3.00    0.00   33.00    0.00    0.00    1.00    0.00    0.00    0.00   63.00
23:28:29       3    3.00    0.00   38.00    0.00    0.00    0.00    0.00    0.00    0.00   59.00
23:28:29       4    3.03    0.00   41.41    0.00    0.00    1.01    0.00    0.00    0.00   54.55
23:28:29       5    3.09    0.00   41.24    0.00    0.00    0.00    0.00    0.00    0.00   55.67
23:28:29       6    4.04    0.00   41.41    0.00    0.00    1.01    0.00    0.00    0.00   53.54
23:28:29       7    3.09    0.00   42.27    0.00    0.00    0.00    0.00    0.00    0.00   54.64
23:28:29       8    2.02    0.00   36.36    0.00    0.00    0.00    0.00    0.00    0.00   61.62
23:28:29       9    3.00    0.00   37.00    0.00    0.00    0.00    0.00    0.00    0.00   60.00
23:28:29      10    3.00    0.00   36.00    0.00    0.00    0.00    0.00    0.00    0.00   61.00
23:28:29      11    3.06    0.00   40.82    0.00    0.00    0.00    0.00    0.00    0.00   56.12
23:28:29      12    2.00    0.00   31.00    0.00    0.00    0.00    0.00    0.00    0.00   67.00
23:28:29      13    3.00    0.00   33.00    0.00    0.00    0.00    0.00    0.00    0.00   64.00
23:28:29      14    4.00    0.00   32.00    0.00    0.00    0.00    0.00    0.00    0.00   64.00
23:28:29      15    2.02    0.00   36.36    0.00    0.00    0.00    0.00    0.00    0.00   61.62
23:28:29      16    2.06    0.00   37.11    0.00    0.00    0.00    0.00    0.00    0.00   60.82
23:28:29      17    2.04    0.00   41.84    0.00    0.00    0.00    0.00    0.00    0.00   56.12
23:28:29      18    4.00    0.00   36.00    0.00    0.00    0.00    0.00    0.00    0.00   60.00
23:28:29      19    3.03    0.00   40.40    0.00    0.00    0.00    0.00    0.00    0.00   56.57

23:28:29     CPU    %usr   %nice    %sys %iowait    %irq   %soft  %steal  %guest  %gnice   %idle
23:28:30     all    3.43    0.00   38.33    0.00    0.00    0.61    0.00    0.00    0.00   57.64
23:28:30       0    3.77    0.00   33.96    0.00    0.00    6.60    0.00    0.00    0.00   55.66
23:28:30       1    3.00    0.00   34.00    0.00    0.00    2.00    0.00    0.00    0.00   61.00
23:28:30       2    3.06    0.00   41.84    0.00    0.00    1.02    0.00    0.00    0.00   54.08
23:28:30       3    4.04    0.00   40.40    0.00    0.00    1.01    0.00    0.00    0.00   54.55
23:28:30       4    3.06    0.00   33.67    0.00    0.00    0.00    0.00    0.00    0.00   63.27
23:28:30       5    4.04    0.00   38.38    0.00    0.00    0.00    0.00    0.00    0.00   57.58
23:28:30       6    4.00    0.00   41.00    0.00    0.00    0.00    0.00    0.00    0.00   55.00
23:28:30       7    4.00    0.00   39.00    0.00    0.00    0.00    0.00    0.00    0.00   57.00
23:28:30       8    5.00    0.00   41.00    0.00    0.00    0.00    0.00    0.00    0.00   54.00
23:28:30       9    3.06    0.00   36.73    0.00    0.00    0.00    0.00    0.00    0.00   60.20
23:28:30      10    3.09    0.00   41.24    0.00    0.00    0.00    0.00    0.00    0.00   55.67
23:28:30      11    4.04    0.00   45.45    0.00    0.00    0.00    0.00    0.00    0.00   50.51
23:28:30      12    3.03    0.00   39.39    0.00    0.00    0.00    0.00    0.00    0.00   57.58
23:28:30      13    2.04    0.00   36.73    0.00    0.00    0.00    0.00    0.00    0.00   61.22
23:28:30      14    3.06    0.00   37.76    0.00    0.00    1.02    0.00    0.00    0.00   58.16
23:28:30      15    2.02    0.00   35.35    0.00    0.00    0.00    0.00    0.00    0.00   62.63
23:28:30      16    4.00    0.00   40.00    0.00    0.00    0.00    0.00    0.00    0.00   56.00
23:28:30      17    4.04    0.00   37.37    0.00    0.00    0.00    0.00    0.00    0.00   58.59
23:28:30      18    3.06    0.00   37.76    0.00    0.00    0.00    0.00    0.00    0.00   59.18
23:28:30      19    3.06    0.00   35.71    0.00    0.00    0.00    0.00    0.00    0.00   61.22

23:28:30     CPU    %usr   %nice    %sys %iowait    %irq   %soft  %steal  %guest  %gnice   %idle
23:28:31     all    3.18    0.00   36.90    0.00    0.00    0.55    0.00    0.00    0.00   59.38
23:28:31       0    2.91    0.00   32.04    0.00    0.00    5.83    0.00    0.00    0.00   59.22
23:28:31       1    2.00    0.00   34.00    0.00    0.00    1.00    0.00    0.00    0.00   63.00
23:28:31       2    5.94    0.00   39.60    0.00    0.00    0.99    0.00    0.00    0.00   53.47
23:28:31       3    4.00    0.00   43.00    0.00    0.00    0.00    0.00    0.00    0.00   53.00
23:28:31       4    3.00    0.00   40.00    0.00    0.00    1.00    0.00    0.00    0.00   56.00
23:28:31       5    2.04    0.00   36.73    0.00    0.00    0.00    0.00    0.00    0.00   61.22
23:28:31       6    3.03    0.00   36.36    0.00    0.00    0.00    0.00    0.00    0.00   60.61
23:28:31       7    2.02    0.00   38.38    0.00    0.00    0.00    0.00    0.00    0.00   59.60
23:28:31       8    3.03    0.00   31.31    0.00    0.00    0.00    0.00    0.00    0.00   65.66
23:28:31       9    3.00    0.00   35.00    0.00    0.00    0.00    0.00    0.00    0.00   62.00
23:28:31      10    3.06    0.00   38.78    0.00    0.00    0.00    0.00    0.00    0.00   58.16
23:28:31      11    4.08    0.00   38.78    0.00    0.00    0.00    0.00    0.00    0.00   57.14
23:28:31      12    3.03    0.00   39.39    0.00    0.00    1.01    0.00    0.00    0.00   56.57
23:28:31      13    4.04    0.00   34.34    0.00    0.00    0.00    0.00    0.00    0.00   61.62
23:28:31      14    3.06    0.00   40.82    0.00    0.00    0.00    0.00    0.00    0.00   56.12
23:28:31      15    3.09    0.00   38.14    0.00    0.00    0.00    0.00    0.00    0.00   58.76
23:28:31      16    3.06    0.00   39.80    0.00    0.00    0.00    0.00    0.00    0.00   57.14
23:28:31      17    4.04    0.00   35.35    0.00    0.00    0.00    0.00    0.00    0.00   60.61
23:28:31      18    2.04    0.00   33.67    0.00    0.00    0.00    0.00    0.00    0.00   64.29
23:28:31      19    2.97    0.00   32.67    0.00    0.00    0.99    0.00    0.00    0.00   63.37

23:28:31     CPU    %usr   %nice    %sys %iowait    %irq   %soft  %steal  %guest  %gnice   %idle
23:28:32     all    3.13    0.00   38.00    0.00    0.00    0.30    0.00    0.00    0.00   58.56
23:28:32       0    1.96    0.00   30.39    0.00    0.00    2.94    0.00    0.00    0.00   64.71
23:28:32       1    4.00    0.00   41.00    0.00    0.00    1.00    0.00    0.00    0.00   54.00
23:28:32       2    4.00    0.00   38.00    0.00    0.00    1.00    0.00    0.00    0.00   57.00
23:28:32       3    3.03    0.00   42.42    0.00    0.00    1.01    0.00    0.00    0.00   53.54
23:28:32       4    4.08    0.00   38.78    0.00    0.00    0.00    0.00    0.00    0.00   57.14
23:28:32       5    3.03    0.00   39.39    0.00    0.00    0.00    0.00    0.00    0.00   57.58
23:28:32       6    2.04    0.00   38.78    0.00    0.00    0.00    0.00    0.00    0.00   59.18
23:28:32       7    3.03    0.00   36.36    0.00    0.00    0.00    0.00    0.00    0.00   60.61
23:28:32       8    3.00    0.00   38.00    0.00    0.00    0.00    0.00    0.00    0.00   59.00
23:28:32       9    2.02    0.00   29.29    0.00    0.00    0.00    0.00    0.00    0.00   68.69
23:28:32      10    4.04    0.00   44.44    0.00    0.00    0.00    0.00    0.00    0.00   51.52
23:28:32      11    3.06    0.00   36.73    0.00    0.00    0.00    0.00    0.00    0.00   60.20
23:28:32      12    2.04    0.00   40.82    0.00    0.00    0.00    0.00    0.00    0.00   57.14
23:28:32      13    3.06    0.00   37.76    0.00    0.00    0.00    0.00    0.00    0.00   59.18
23:28:32      14    4.12    0.00   42.27    0.00    0.00    0.00    0.00    0.00    0.00   53.61
23:28:32      15    3.06    0.00   34.69    0.00    0.00    0.00    0.00    0.00    0.00   62.24
23:28:32      16    3.03    0.00   32.32    0.00    0.00    0.00    0.00    0.00    0.00   64.65
23:28:32      17    3.03    0.00   38.38    0.00    0.00    0.00    0.00    0.00    0.00   58.59
23:28:32      18    4.00    0.00   42.00    0.00    0.00    0.00    0.00    0.00    0.00   54.00
23:28:32      19    3.03    0.00   38.38    0.00    0.00    0.00    0.00    0.00    0.00   58.59

23:28:32     CPU    %usr   %nice    %sys %iowait    %irq   %soft  %steal  %guest  %gnice   %idle
23:28:33     all    2.88    0.00   40.03    0.00    0.00    0.56    0.00    0.00    0.00   56.53
23:28:33       0    2.97    0.00   38.61    0.00    0.00    3.96    0.00    0.00    0.00   54.46
23:28:33       1    3.96    0.00   44.55    0.00    0.00    2.97    0.00    0.00    0.00   48.51
23:28:33       2    2.97    0.00   38.61    0.00    0.00    2.97    0.00    0.00    0.00   55.45
23:28:33       3    3.03    0.00   42.42    0.00    0.00    1.01    0.00    0.00    0.00   53.54
23:28:33       4    2.02    0.00   44.44    0.00    0.00    0.00    0.00    0.00    0.00   53.54
23:28:33       5    4.08    0.00   38.78    0.00    0.00    0.00    0.00    0.00    0.00   57.14
23:28:33       6    3.06    0.00   33.67    0.00    0.00    0.00    0.00    0.00    0.00   63.27
23:28:33       7    2.06    0.00   36.08    0.00    0.00    0.00    0.00    0.00    0.00   61.86
23:28:33       8    2.06    0.00   38.14    0.00    0.00    0.00    0.00    0.00    0.00   59.79
23:28:33       9    2.04    0.00   38.78    0.00    0.00    0.00    0.00    0.00    0.00   59.18
23:28:33      10    3.06    0.00   39.80    0.00    0.00    0.00    0.00    0.00    0.00   57.14
23:28:33      11    3.03    0.00   46.46    0.00    0.00    0.00    0.00    0.00    0.00   50.51
23:28:33      12    3.00    0.00   36.00    0.00    0.00    0.00    0.00    0.00    0.00   61.00
23:28:33      13    4.08    0.00   40.82    0.00    0.00    0.00    0.00    0.00    0.00   55.10
23:28:33      14    2.04    0.00   39.80    0.00    0.00    0.00    0.00    0.00    0.00   58.16
23:28:33      15    3.03    0.00   40.40    0.00    0.00    0.00    0.00    0.00    0.00   56.57
23:28:33      16    4.00    0.00   47.00    0.00    0.00    0.00    0.00    0.00    0.00   49.00
23:28:33      17    3.03    0.00   36.36    0.00    0.00    0.00    0.00    0.00    0.00   60.61
23:28:33      18    2.06    0.00   40.21    0.00    0.00    0.00    0.00    0.00    0.00   57.73
23:28:33      19    2.02    0.00   39.39    0.00    0.00    0.00    0.00    0.00    0.00   58.59

23:28:33     CPU    %usr   %nice    %sys %iowait    %irq   %soft  %steal  %guest  %gnice   %idle
23:28:34     all    3.13    0.00   37.90    0.00    0.00    0.61    0.00    0.00    0.00   58.36
23:28:34       0    3.81    0.00   41.90    0.00    0.00    5.71    0.00    0.00    0.00   48.57
23:28:34       1    3.96    0.00   37.62    0.00    0.00    2.97    0.00    0.00    0.00   55.45
23:28:34       2    4.00    0.00   37.00    0.00    0.00    1.00    0.00    0.00    0.00   58.00
23:28:34       3    4.04    0.00   42.42    0.00    0.00    0.00    0.00    0.00    0.00   53.54
23:28:34       4    2.97    0.00   31.68    0.00    0.00    0.99    0.00    0.00    0.00   64.36
23:28:34       5    3.00    0.00   35.00    0.00    0.00    1.00    0.00    0.00    0.00   61.00
23:28:34       6    3.03    0.00   38.38    0.00    0.00    0.00    0.00    0.00    0.00   58.59
23:28:34       7    3.06    0.00   37.76    0.00    0.00    0.00    0.00    0.00    0.00   59.18
23:28:34       8    2.04    0.00   39.80    0.00    0.00    0.00    0.00    0.00    0.00   58.16
23:28:34       9    4.04    0.00   38.38    0.00    0.00    0.00    0.00    0.00    0.00   57.58
23:28:34      10    3.03    0.00   36.36    0.00    0.00    0.00    0.00    0.00    0.00   60.61
23:28:34      11    3.03    0.00   38.38    0.00    0.00    0.00    0.00    0.00    0.00   58.59
23:28:34      12    2.04    0.00   32.65    0.00    0.00    0.00    0.00    0.00    0.00   65.31
23:28:34      13    4.08    0.00   40.82    0.00    0.00    0.00    0.00    0.00    0.00   55.10
23:28:34      14    3.09    0.00   40.21    0.00    0.00    0.00    0.00    0.00    0.00   56.70
23:28:34      15    2.06    0.00   34.02    0.00    0.00    0.00    0.00    0.00    0.00   63.92
23:28:34      16    3.06    0.00   45.92    0.00    0.00    0.00    0.00    0.00    0.00   51.02
23:28:34      17    3.06    0.00   38.78    0.00    0.00    0.00    0.00    0.00    0.00   58.16
23:28:34      18    2.04    0.00   36.73    0.00    0.00    0.00    0.00    0.00    0.00   61.22
23:28:34      19    3.09    0.00   34.02    0.00    0.00    0.00    0.00    0.00    0.00   62.89

23:28:34     CPU    %usr   %nice    %sys %iowait    %irq   %soft  %steal  %guest  %gnice   %idle
23:28:35     all    3.23    0.00   38.51    0.00    0.00    0.60    0.00    0.00    0.00   57.66
23:28:35       0    2.91    0.00   42.72    0.00    0.00    4.85    0.00    0.00    0.00   49.51
23:28:35       1    1.96    0.00   37.25    0.00    0.00    2.94    0.00    0.00    0.00   57.84
23:28:35       2    3.06    0.00   38.78    0.00    0.00    1.02    0.00    0.00    0.00   57.14
23:28:35       3    4.00    0.00   41.00    0.00    0.00    2.00    0.00    0.00    0.00   53.00
23:28:35       4    2.02    0.00   32.32    0.00    0.00    0.00    0.00    0.00    0.00   65.66
23:28:35       5    4.00    0.00   40.00    0.00    0.00    0.00    0.00    0.00    0.00   56.00
23:28:35       6    2.02    0.00   36.36    0.00    0.00    1.01    0.00    0.00    0.00   60.61
23:28:35       7    4.04    0.00   39.39    0.00    0.00    0.00    0.00    0.00    0.00   56.57
23:28:35       8    4.08    0.00   35.71    0.00    0.00    0.00    0.00    0.00    0.00   60.20
23:28:35       9    2.06    0.00   34.02    0.00    0.00    0.00    0.00    0.00    0.00   63.92
23:28:35      10    3.03    0.00   38.38    0.00    0.00    0.00    0.00    0.00    0.00   58.59
23:28:35      11    3.03    0.00   36.36    0.00    0.00    0.00    0.00    0.00    0.00   60.61
23:28:35      12    4.00    0.00   44.00    0.00    0.00    0.00    0.00    0.00    0.00   52.00
23:28:35      13    2.02    0.00   34.34    0.00    0.00    0.00    0.00    0.00    0.00   63.64
23:28:35      14    4.00    0.00   42.00    0.00    0.00    0.00    0.00    0.00    0.00   54.00
23:28:35      15    3.03    0.00   37.37    0.00    0.00    0.00    0.00    0.00    0.00   59.60
23:28:35      16    4.08    0.00   39.80    0.00    0.00    0.00    0.00    0.00    0.00   56.12
23:28:35      17    4.08    0.00   41.84    0.00    0.00    0.00    0.00    0.00    0.00   54.08
23:28:35      18    4.04    0.00   37.37    0.00    0.00    0.00    0.00    0.00    0.00   58.59
23:28:35      19    3.06    0.00   40.82    0.00    0.00    0.00    0.00    0.00    0.00   56.12

23:28:35     CPU    %usr   %nice    %sys %iowait    %irq   %soft  %steal  %guest  %gnice   %idle
23:28:36     all    2.79    0.00   38.72    0.00    0.00    0.41    0.00    0.00    0.00   58.08
23:28:36       0    2.91    0.00   34.95    0.00    0.00    4.85    0.00    0.00    0.00   57.28
23:28:36       1    3.03    0.00   37.37    0.00    0.00    2.02    0.00    0.00    0.00   57.58
23:28:36       2    1.01    0.00   38.38    0.00    0.00    1.01    0.00    0.00    0.00   59.60
23:28:36       3    2.04    0.00   40.82    0.00    0.00    0.00    0.00    0.00    0.00   57.14
23:28:36       4    2.04    0.00   32.65    0.00    0.00    0.00    0.00    0.00    0.00   65.31
23:28:36       5    4.08    0.00   40.82    0.00    0.00    0.00    0.00    0.00    0.00   55.10
23:28:36       6    3.06    0.00   36.73    0.00    0.00    0.00    0.00    0.00    0.00   60.20
23:28:36       7    3.03    0.00   42.42    0.00    0.00    0.00    0.00    0.00    0.00   54.55
23:28:36       8    3.03    0.00   35.35    0.00    0.00    0.00    0.00    0.00    0.00   61.62
23:28:36       9    3.03    0.00   41.41    0.00    0.00    0.00    0.00    0.00    0.00   55.56
23:28:36      10    2.04    0.00   36.73    0.00    0.00    0.00    0.00    0.00    0.00   61.22
23:28:36      11    3.09    0.00   38.14    0.00    0.00    0.00    0.00    0.00    0.00   58.76
23:28:36      12    3.06    0.00   37.76    0.00    0.00    0.00    0.00    0.00    0.00   59.18
23:28:36      13    3.06    0.00   45.92    0.00    0.00    0.00    0.00    0.00    0.00   51.02
23:28:36      14    2.06    0.00   39.18    0.00    0.00    0.00    0.00    0.00    0.00   58.76
23:28:36      15    3.06    0.00   38.78    0.00    0.00    0.00    0.00    0.00    0.00   58.16
23:28:36      16    3.12    0.00   44.79    0.00    0.00    0.00    0.00    0.00    0.00   52.08
23:28:36      17    3.03    0.00   33.33    0.00    0.00    0.00    0.00    0.00    0.00   63.64
23:28:36      18    3.06    0.00   38.78    0.00    0.00    0.00    0.00    0.00    0.00   58.16
23:28:36      19    3.03    0.00   40.40    0.00    0.00    0.00    0.00    0.00    0.00   56.57

23:28:36     CPU    %usr   %nice    %sys %iowait    %irq   %soft  %steal  %guest  %gnice   %idle
23:28:37     all    3.37    0.00   37.46    0.00    0.00    0.55    0.00    0.00    0.00   58.61
23:28:37       0    2.91    0.00   37.86    0.00    0.00    4.85    0.00    0.00    0.00   54.37
23:28:37       1    3.88    0.00   33.98    0.00    0.00    2.91    0.00    0.00    0.00   59.22
23:28:37       2    3.03    0.00   35.35    0.00    0.00    0.00    0.00    0.00    0.00   61.62
23:28:37       3    3.00    0.00   37.00    0.00    0.00    1.00    0.00    0.00    0.00   59.00
23:28:37       4    3.03    0.00   42.42    0.00    0.00    1.01    0.00    0.00    0.00   53.54
23:28:37       5    3.03    0.00   36.36    0.00    0.00    0.00    0.00    0.00    0.00   60.61
23:28:37       6    2.02    0.00   35.35    0.00    0.00    0.00    0.00    0.00    0.00   62.63
23:28:37       7    3.06    0.00   29.59    0.00    0.00    1.02    0.00    0.00    0.00   66.33
23:28:37       8    3.06    0.00   39.80    0.00    0.00    0.00    0.00    0.00    0.00   57.14
23:28:37       9    5.05    0.00   37.37    0.00    0.00    0.00    0.00    0.00    0.00   57.58
23:28:37      10    3.06    0.00   27.55    0.00    0.00    0.00    0.00    0.00    0.00   69.39
23:28:37      11    3.03    0.00   37.37    0.00    0.00    0.00    0.00    0.00    0.00   59.60
23:28:37      12    3.00    0.00   39.00    0.00    0.00    0.00    0.00    0.00    0.00   58.00
23:28:37      13    4.04    0.00   36.36    0.00    0.00    0.00    0.00    0.00    0.00   59.60
23:28:37      14    4.04    0.00   41.41    0.00    0.00    0.00    0.00    0.00    0.00   54.55
23:28:37      15    3.03    0.00   37.37    0.00    0.00    0.00    0.00    0.00    0.00   59.60
23:28:37      16    3.03    0.00   39.39    0.00    0.00    0.00    0.00    0.00    0.00   57.58
23:28:37      17    6.12    0.00   41.84    0.00    0.00    0.00    0.00    0.00    0.00   52.04
23:28:37      18    3.03    0.00   40.40    0.00    0.00    0.00    0.00    0.00    0.00   56.57
23:28:37      19    3.03    0.00   43.43    0.00    0.00    0.00    0.00    0.00    0.00   53.54

23:28:37     CPU    %usr   %nice    %sys %iowait    %irq   %soft  %steal  %guest  %gnice   %idle
23:28:38     all    3.27    0.00   39.63    0.00    0.00    0.45    0.00    0.00    0.00   56.65
23:28:38       0    3.77    0.00   37.74    0.00    0.00    6.60    0.00    0.00    0.00   51.89
23:28:38       1    3.06    0.00   39.80    0.00    0.00    1.02    0.00    0.00    0.00   56.12
23:28:38       2    2.97    0.00   36.63    0.00    0.00    0.99    0.00    0.00    0.00   59.41
23:28:38       3    2.02    0.00   31.31    0.00    0.00    0.00    0.00    0.00    0.00   66.67
23:28:38       4    5.00    0.00   46.00    0.00    0.00    0.00    0.00    0.00    0.00   49.00
23:28:38       5    2.02    0.00   29.29    0.00    0.00    0.00    0.00    0.00    0.00   68.69
23:28:38       6    5.10    0.00   47.96    0.00    0.00    0.00    0.00    0.00    0.00   46.94
23:28:38       7    4.04    0.00   37.37    0.00    0.00    0.00    0.00    0.00    0.00   58.59
23:28:38       8    2.02    0.00   33.33    0.00    0.00    0.00    0.00    0.00    0.00   64.65
23:28:38       9    3.06    0.00   37.76    0.00    0.00    0.00    0.00    0.00    0.00   59.18
23:28:38      10    4.00    0.00   44.00    0.00    0.00    0.00    0.00    0.00    0.00   52.00
23:28:38      11    3.06    0.00   41.84    0.00    0.00    0.00    0.00    0.00    0.00   55.10
23:28:38      12    2.04    0.00   36.73    0.00    0.00    0.00    0.00    0.00    0.00   61.22
23:28:38      13    4.04    0.00   43.43    0.00    0.00    0.00    0.00    0.00    0.00   52.53
23:28:38      14    3.03    0.00   38.38    0.00    0.00    0.00    0.00    0.00    0.00   58.59
23:28:38      15    4.00    0.00   41.00    0.00    0.00    0.00    0.00    0.00    0.00   55.00
23:28:38      16    4.00    0.00   41.00    0.00    0.00    0.00    0.00    0.00    0.00   55.00
23:28:38      17    3.03    0.00   46.46    0.00    0.00    0.00    0.00    0.00    0.00   50.51
23:28:38      18    2.04    0.00   40.82    0.00    0.00    0.00    0.00    0.00    0.00   57.14
23:28:38      19    3.06    0.00   41.84    0.00    0.00    0.00    0.00    0.00    0.00   55.10

Average:     CPU    %usr   %nice    %sys %iowait    %irq   %soft  %steal  %guest  %gnice   %idle
Average:     all    3.14    0.00   38.31    0.00    0.00    0.52    0.00    0.00    0.00   58.03
Average:       0    3.09    0.00   36.81    0.00    0.00    5.12    0.00    0.00    0.00   54.98
Average:       1    3.28    0.00   38.01    0.00    0.00    2.19    0.00    0.00    0.00   56.52
Average:       2    3.31    0.00   37.71    0.00    0.00    1.10    0.00    0.00    0.00   57.87
Average:       3    3.22    0.00   39.88    0.00    0.00    0.60    0.00    0.00    0.00   56.29
Average:       4    3.03    0.00   38.35    0.00    0.00    0.40    0.00    0.00    0.00   58.22
Average:       5    3.24    0.00   37.59    0.00    0.00    0.10    0.00    0.00    0.00   59.07
Average:       6    3.14    0.00   38.60    0.00    0.00    0.20    0.00    0.00    0.00   58.05
Average:       7    3.15    0.00   37.87    0.00    0.00    0.10    0.00    0.00    0.00   58.88
Average:       8    2.94    0.00   36.88    0.00    0.00    0.00    0.00    0.00    0.00   60.18
Average:       9    3.04    0.00   36.58    0.00    0.00    0.00    0.00    0.00    0.00   60.39
Average:      10    3.14    0.00   38.34    0.00    0.00    0.00    0.00    0.00    0.00   58.52
Average:      11    3.25    0.00   40.04    0.00    0.00    0.00    0.00    0.00    0.00   56.71
Average:      12    2.73    0.00   37.68    0.00    0.00    0.10    0.00    0.00    0.00   59.49
Average:      13    3.35    0.00   38.34    0.00    0.00    0.00    0.00    0.00    0.00   58.32
Average:      14    3.26    0.00   39.37    0.00    0.00    0.10    0.00    0.00    0.00   57.27
Average:      15    2.84    0.00   37.36    0.00    0.00    0.00    0.00    0.00    0.00   59.80
Average:      16    3.35    0.00   40.71    0.00    0.00    0.00    0.00    0.00    0.00   55.94
Average:      17    3.55    0.00   39.15    0.00    0.00    0.00    0.00    0.00    0.00   57.30
Average:      18    2.94    0.00   38.38    0.00    0.00    0.00    0.00    0.00    0.00   58.68
Average:      19    2.94    0.00   38.70    0.00    0.00    0.10    0.00    0.00    0.00   58.26
