Linux 6.8.0-138-generic (snapshots-gpu-mi300x1-192gb-devcloud-atl1) 	10/07/26 	_x86_64_	(20 CPU)

00:02:42     CPU    %usr   %nice    %sys %iowait    %irq   %soft  %steal  %guest  %gnice   %idle
00:02:43     all    3.02    0.00   38.58    0.00    0.00    0.50    0.00    0.00    0.00   57.90
00:02:43       0    1.96    0.00   28.43    0.00    0.00    3.92    0.00    0.00    0.00   65.69
00:02:43       1    3.92    0.00   39.22    0.00    0.00    2.94    0.00    0.00    0.00   53.92
00:02:43       2    4.00    0.00   42.00    0.00    0.00    1.00    0.00    0.00    0.00   53.00
00:02:43       3    2.02    0.00   30.30    0.00    0.00    1.01    0.00    0.00    0.00   66.67
00:02:43       4    3.00    0.00   38.00    0.00    0.00    1.00    0.00    0.00    0.00   58.00
00:02:43       5    3.03    0.00   40.40    0.00    0.00    0.00    0.00    0.00    0.00   56.57
00:02:43       6    3.06    0.00   43.88    0.00    0.00    0.00    0.00    0.00    0.00   53.06
00:02:43       7    3.00    0.00   39.00    0.00    0.00    0.00    0.00    0.00    0.00   58.00
00:02:43       8    2.02    0.00   38.38    0.00    0.00    0.00    0.00    0.00    0.00   59.60
00:02:43       9    3.03    0.00   36.36    0.00    0.00    0.00    0.00    0.00    0.00   60.61
00:02:43      10    4.04    0.00   39.39    0.00    0.00    0.00    0.00    0.00    0.00   56.57
00:02:43      11    4.00    0.00   45.00    0.00    0.00    0.00    0.00    0.00    0.00   51.00
00:02:43      12    4.04    0.00   41.41    0.00    0.00    0.00    0.00    0.00    0.00   54.55
00:02:43      13    2.00    0.00   37.00    0.00    0.00    0.00    0.00    0.00    0.00   61.00
00:02:43      14    2.02    0.00   31.31    0.00    0.00    0.00    0.00    0.00    0.00   66.67
00:02:43      15    4.08    0.00   41.84    0.00    0.00    0.00    0.00    0.00    0.00   54.08
00:02:43      16    3.06    0.00   44.90    0.00    0.00    0.00    0.00    0.00    0.00   52.04
00:02:43      17    2.02    0.00   34.34    0.00    0.00    0.00    0.00    0.00    0.00   63.64
00:02:43      18    2.04    0.00   41.84    0.00    0.00    0.00    0.00    0.00    0.00   56.12
00:02:43      19    4.00    0.00   39.00    0.00    0.00    0.00    0.00    0.00    0.00   57.00

00:02:43     CPU    %usr   %nice    %sys %iowait    %irq   %soft  %steal  %guest  %gnice   %idle
00:02:44     all    3.39    0.00   37.65    0.00    0.00    0.51    0.05    0.00    0.00   58.41
00:02:44       0    2.91    0.00   36.89    0.00    0.00    3.88    0.00    0.00    0.00   56.31
00:02:44       1    4.00    0.00   38.00    0.00    0.00    3.00    0.00    0.00    0.00   55.00
00:02:44       2    2.97    0.00   36.63    0.00    0.00    0.99    0.99    0.00    0.00   58.42
00:02:44       3    2.02    0.00   36.36    0.00    0.00    1.01    0.00    0.00    0.00   60.61
00:02:44       4    4.08    0.00   35.71    0.00    0.00    0.00    0.00    0.00    0.00   60.20
00:02:44       5    4.04    0.00   37.37    0.00    0.00    1.01    0.00    0.00    0.00   57.58
00:02:44       6    4.08    0.00   40.82    0.00    0.00    0.00    0.00    0.00    0.00   55.10
00:02:44       7    3.03    0.00   35.35    0.00    0.00    0.00    0.00    0.00    0.00   61.62
00:02:44       8    3.06    0.00   37.76    0.00    0.00    0.00    0.00    0.00    0.00   59.18
00:02:44       9    3.09    0.00   45.36    0.00    0.00    0.00    0.00    0.00    0.00   51.55
00:02:44      10    3.03    0.00   34.34    0.00    0.00    0.00    0.00    0.00    0.00   62.63
00:02:44      11    3.06    0.00   41.84    0.00    0.00    0.00    0.00    0.00    0.00   55.10
00:02:44      12    3.00    0.00   35.00    0.00    0.00    0.00    0.00    0.00    0.00   62.00
00:02:44      13    4.08    0.00   35.71    0.00    0.00    0.00    0.00    0.00    0.00   60.20
00:02:44      14    2.02    0.00   31.31    0.00    0.00    0.00    0.00    0.00    0.00   66.67
00:02:44      15    3.03    0.00   38.38    0.00    0.00    0.00    0.00    0.00    0.00   58.59
00:02:44      16    5.05    0.00   36.36    0.00    0.00    0.00    0.00    0.00    0.00   58.59
00:02:44      17    4.04    0.00   40.40    0.00    0.00    0.00    0.00    0.00    0.00   55.56
00:02:44      18    4.08    0.00   36.73    0.00    0.00    0.00    0.00    0.00    0.00   59.18
00:02:44      19    3.06    0.00   42.86    0.00    0.00    0.00    0.00    0.00    0.00   54.08

00:02:44     CPU    %usr   %nice    %sys %iowait    %irq   %soft  %steal  %guest  %gnice   %idle
00:02:45     all    3.19    0.00   37.04    0.00    0.00    0.46    0.00    0.00    0.00   59.31
00:02:45       0    1.98    0.00   34.65    0.00    0.00    3.96    0.00    0.00    0.00   59.41
00:02:45       1    3.00    0.00   37.00    0.00    0.00    2.00    0.00    0.00    0.00   58.00
00:02:45       2    3.03    0.00   38.38    0.00    0.00    2.02    0.00    0.00    0.00   56.57
00:02:45       3    4.00    0.00   40.00    0.00    0.00    0.00    0.00    0.00    0.00   56.00
00:02:45       4    3.06    0.00   37.76    0.00    0.00    0.00    0.00    0.00    0.00   59.18
00:02:45       5    2.04    0.00   35.71    0.00    0.00    0.00    0.00    0.00    0.00   62.24
00:02:45       6    3.00    0.00   34.00    0.00    0.00    1.00    0.00    0.00    0.00   62.00
00:02:45       7    3.03    0.00   37.37    0.00    0.00    0.00    0.00    0.00    0.00   59.60
00:02:45       8    3.03    0.00   37.37    0.00    0.00    0.00    0.00    0.00    0.00   59.60
00:02:45       9    3.03    0.00   39.39    0.00    0.00    0.00    0.00    0.00    0.00   57.58
00:02:45      10    2.02    0.00   29.29    0.00    0.00    0.00    0.00    0.00    0.00   68.69
00:02:45      11    4.08    0.00   39.80    0.00    0.00    0.00    0.00    0.00    0.00   56.12
00:02:45      12    5.10    0.00   40.82    0.00    0.00    0.00    0.00    0.00    0.00   54.08
00:02:45      13    4.00    0.00   36.00    0.00    0.00    0.00    0.00    0.00    0.00   60.00
00:02:45      14    4.08    0.00   37.76    0.00    0.00    0.00    0.00    0.00    0.00   58.16
00:02:45      15    3.06    0.00   33.67    0.00    0.00    0.00    0.00    0.00    0.00   63.27
00:02:45      16    3.06    0.00   36.73    0.00    0.00    0.00    0.00    0.00    0.00   60.20
00:02:45      17    3.06    0.00   38.78    0.00    0.00    0.00    0.00    0.00    0.00   58.16
00:02:45      18    3.06    0.00   41.84    0.00    0.00    0.00    0.00    0.00    0.00   55.10
00:02:45      19    3.06    0.00   34.69    0.00    0.00    0.00    0.00    0.00    0.00   62.24

00:02:45     CPU    %usr   %nice    %sys %iowait    %irq   %soft  %steal  %guest  %gnice   %idle
00:02:46     all    3.23    0.00   38.06    0.00    0.00    0.45    0.00    0.00    0.00   58.25
00:02:46       0    3.88    0.00   37.86    0.00    0.00    3.88    0.00    0.00    0.00   54.37
00:02:46       1    3.96    0.00   35.64    0.00    0.00    1.98    0.00    0.00    0.00   58.42
00:02:46       2    3.96    0.00   34.65    0.00    0.00    0.99    0.00    0.00    0.00   60.40
00:02:46       3    3.00    0.00   38.00    0.00    0.00    1.00    0.00    0.00    0.00   58.00
00:02:46       4    4.12    0.00   40.21    0.00    0.00    0.00    0.00    0.00    0.00   55.67
00:02:46       5    2.04    0.00   33.67    0.00    0.00    0.00    0.00    0.00    0.00   64.29
00:02:46       6    3.06    0.00   37.76    0.00    0.00    0.00    0.00    0.00    0.00   59.18
00:02:46       7    2.04    0.00   26.53    0.00    0.00    0.00    0.00    0.00    0.00   71.43
00:02:46       8    4.04    0.00   40.40    0.00    0.00    0.00    0.00    0.00    0.00   55.56
00:02:46       9    3.06    0.00   37.76    0.00    0.00    0.00    0.00    0.00    0.00   59.18
00:02:46      10    3.03    0.00   32.32    0.00    0.00    0.00    0.00    0.00    0.00   64.65
00:02:46      11    3.03    0.00   43.43    0.00    0.00    0.00    0.00    0.00    0.00   53.54
00:02:46      12    3.06    0.00   44.90    0.00    0.00    0.00    0.00    0.00    0.00   52.04
00:02:46      13    3.06    0.00   44.90    0.00    0.00    0.00    0.00    0.00    0.00   52.04
00:02:46      14    3.00    0.00   33.00    0.00    0.00    0.00    0.00    0.00    0.00   64.00
00:02:46      15    4.00    0.00   40.00    0.00    0.00    1.00    0.00    0.00    0.00   55.00
00:02:46      16    2.02    0.00   38.38    0.00    0.00    0.00    0.00    0.00    0.00   59.60
00:02:46      17    3.06    0.00   43.88    0.00    0.00    0.00    0.00    0.00    0.00   53.06
00:02:46      18    4.04    0.00   39.39    0.00    0.00    0.00    0.00    0.00    0.00   56.57
00:02:46      19    3.06    0.00   38.78    0.00    0.00    0.00    0.00    0.00    0.00   58.16

00:02:46     CPU    %usr   %nice    %sys %iowait    %irq   %soft  %steal  %guest  %gnice   %idle
00:02:47     all    2.88    0.00   37.33    0.00    0.00    0.51    0.00    0.00    0.00   59.28
00:02:47       0    2.88    0.00   28.85    0.00    0.00    6.73    0.00    0.00    0.00   61.54
00:02:47       1    3.03    0.00   42.42    0.00    0.00    2.02    0.00    0.00    0.00   52.53
00:02:47       2    2.04    0.00   32.65    0.00    0.00    0.00    0.00    0.00    0.00   65.31
00:02:47       3    3.09    0.00   39.18    0.00    0.00    0.00    0.00    0.00    0.00   57.73
00:02:47       4    3.00    0.00   41.00    0.00    0.00    1.00    0.00    0.00    0.00   55.00
00:02:47       5    4.00    0.00   42.00    0.00    0.00    0.00    0.00    0.00    0.00   54.00
00:02:47       6    2.02    0.00   38.38    0.00    0.00    0.00    0.00    0.00    0.00   59.60
00:02:47       7    3.06    0.00   35.71    0.00    0.00    0.00    0.00    0.00    0.00   61.22
00:02:47       8    3.12    0.00   44.79    0.00    0.00    0.00    0.00    0.00    0.00   52.08
00:02:47       9    3.00    0.00   42.00    0.00    0.00    0.00    0.00    0.00    0.00   55.00
00:02:47      10    4.08    0.00   38.78    0.00    0.00    0.00    0.00    0.00    0.00   57.14
00:02:47      11    2.04    0.00   39.80    0.00    0.00    0.00    0.00    0.00    0.00   58.16
00:02:47      12    3.03    0.00   39.39    0.00    0.00    0.00    0.00    0.00    0.00   57.58
00:02:47      13    3.03    0.00   37.37    0.00    0.00    0.00    0.00    0.00    0.00   59.60
00:02:47      14    3.03    0.00   33.33    0.00    0.00    0.00    0.00    0.00    0.00   63.64
00:02:47      15    2.02    0.00   34.34    0.00    0.00    0.00    0.00    0.00    0.00   63.64
00:02:47      16    1.02    0.00   28.57    0.00    0.00    0.00    0.00    0.00    0.00   70.41
00:02:47      17    4.04    0.00   38.38    0.00    0.00    0.00    0.00    0.00    0.00   57.58
00:02:47      18    3.06    0.00   33.67    0.00    0.00    0.00    0.00    0.00    0.00   63.27
00:02:47      19    3.03    0.00   36.36    0.00    0.00    0.00    0.00    0.00    0.00   60.61

00:02:47     CPU    %usr   %nice    %sys %iowait    %irq   %soft  %steal  %guest  %gnice   %idle
00:02:48     all    2.83    0.00   39.65    0.00    0.00    0.51    0.00    0.00    0.00   57.02
00:02:48       0    2.91    0.00   41.75    0.00    0.00    4.85    0.00    0.00    0.00   50.49
00:02:48       1    2.97    0.00   37.62    0.00    0.00    1.98    0.00    0.00    0.00   57.43
00:02:48       2    2.97    0.00   41.58    0.00    0.00    0.99    0.00    0.00    0.00   54.46
00:02:48       3    3.03    0.00   44.44    0.00    0.00    1.01    0.00    0.00    0.00   51.52
00:02:48       4    2.04    0.00   32.65    0.00    0.00    0.00    0.00    0.00    0.00   65.31
00:02:48       5    3.06    0.00   43.88    0.00    0.00    0.00    0.00    0.00    0.00   53.06
00:02:48       6    3.00    0.00   37.00    0.00    0.00    0.00    0.00    0.00    0.00   60.00
00:02:48       7    3.03    0.00   35.35    0.00    0.00    1.01    0.00    0.00    0.00   60.61
00:02:48       8    3.00    0.00   32.00    0.00    0.00    0.00    0.00    0.00    0.00   65.00
00:02:48       9    2.04    0.00   39.80    0.00    0.00    0.00    0.00    0.00    0.00   58.16
00:02:48      10    3.06    0.00   43.88    0.00    0.00    0.00    0.00    0.00    0.00   53.06
00:02:48      11    2.04    0.00   36.73    0.00    0.00    0.00    0.00    0.00    0.00   61.22
00:02:48      12    4.08    0.00   39.80    0.00    0.00    0.00    0.00    0.00    0.00   56.12
00:02:48      13    3.09    0.00   40.21    0.00    0.00    0.00    0.00    0.00    0.00   56.70
00:02:48      14    3.03    0.00   42.42    0.00    0.00    0.00    0.00    0.00    0.00   54.55
00:02:48      15    3.06    0.00   41.84    0.00    0.00    0.00    0.00    0.00    0.00   55.10
00:02:48      16    2.02    0.00   37.37    0.00    0.00    0.00    0.00    0.00    0.00   60.61
00:02:48      17    3.03    0.00   39.39    0.00    0.00    0.00    0.00    0.00    0.00   57.58
00:02:48      18    2.04    0.00   39.80    0.00    0.00    0.00    0.00    0.00    0.00   58.16
00:02:48      19    3.03    0.00   45.45    0.00    0.00    0.00    0.00    0.00    0.00   51.52

00:02:48     CPU    %usr   %nice    %sys %iowait    %irq   %soft  %steal  %guest  %gnice   %idle
00:02:49     all    3.13    0.00   38.35    0.00    0.00    0.50    0.00    0.00    0.00   58.02
00:02:49       0    2.91    0.00   37.86    0.00    0.00    3.88    0.00    0.00    0.00   55.34
00:02:49       1    2.97    0.00   35.64    0.00    0.00    2.97    0.00    0.00    0.00   58.42
00:02:49       2    2.02    0.00   36.36    0.00    0.00    1.01    0.00    0.00    0.00   60.61
00:02:49       3    3.96    0.00   35.64    0.00    0.00    0.99    0.00    0.00    0.00   59.41
00:02:49       4    3.00    0.00   35.00    0.00    0.00    0.00    0.00    0.00    0.00   62.00
00:02:49       5    3.00    0.00   33.00    0.00    0.00    1.00    0.00    0.00    0.00   63.00
00:02:49       6    3.03    0.00   39.39    0.00    0.00    0.00    0.00    0.00    0.00   57.58
00:02:49       7    3.03    0.00   38.38    0.00    0.00    0.00    0.00    0.00    0.00   58.59
00:02:49       8    2.04    0.00   38.78    0.00    0.00    0.00    0.00    0.00    0.00   59.18
00:02:49       9    3.06    0.00   38.78    0.00    0.00    0.00    0.00    0.00    0.00   58.16
00:02:49      10    4.08    0.00   40.82    0.00    0.00    0.00    0.00    0.00    0.00   55.10
00:02:49      11    4.08    0.00   39.80    0.00    0.00    0.00    0.00    0.00    0.00   56.12
00:02:49      12    3.06    0.00   35.71    0.00    0.00    0.00    0.00    0.00    0.00   61.22
00:02:49      13    3.06    0.00   41.84    0.00    0.00    0.00    0.00    0.00    0.00   55.10
00:02:49      14    3.03    0.00   38.38    0.00    0.00    0.00    0.00    0.00    0.00   58.59
00:02:49      15    3.03    0.00   40.40    0.00    0.00    0.00    0.00    0.00    0.00   56.57
00:02:49      16    3.03    0.00   34.34    0.00    0.00    0.00    0.00    0.00    0.00   62.63
00:02:49      17    3.06    0.00   42.86    0.00    0.00    0.00    0.00    0.00    0.00   54.08
00:02:49      18    3.06    0.00   43.88    0.00    0.00    0.00    0.00    0.00    0.00   53.06
00:02:49      19    4.04    0.00   40.40    0.00    0.00    0.00    0.00    0.00    0.00   55.56

00:02:49     CPU    %usr   %nice    %sys %iowait    %irq   %soft  %steal  %guest  %gnice   %idle
00:02:50     all    3.09    0.00   38.08    0.00    0.00    0.56    0.00    0.00    0.00   58.27
00:02:50       0    3.85    0.00   37.50    0.00    0.00    5.77    0.00    0.00    0.00   52.88
00:02:50       1    3.03    0.00   45.45    0.00    0.00    1.01    0.00    0.00    0.00   50.51
00:02:50       2    4.00    0.00   38.00    0.00    0.00    1.00    0.00    0.00    0.00   57.00
00:02:50       3    3.09    0.00   44.33    0.00    0.00    1.03    0.00    0.00    0.00   51.55
00:02:50       4    4.04    0.00   36.36    0.00    0.00    1.01    0.00    0.00    0.00   58.59
00:02:50       5    3.06    0.00   39.80    0.00    0.00    0.00    0.00    0.00    0.00   57.14
00:02:50       6    3.12    0.00   44.79    0.00    0.00    0.00    0.00    0.00    0.00   52.08
00:02:50       7    3.03    0.00   35.35    0.00    0.00    0.00    0.00    0.00    0.00   61.62
00:02:50       8    3.06    0.00   34.69    0.00    0.00    0.00    0.00    0.00    0.00   62.24
00:02:50       9    3.06    0.00   32.65    0.00    0.00    0.00    0.00    0.00    0.00   64.29
00:02:50      10    1.03    0.00   34.02    0.00    0.00    0.00    0.00    0.00    0.00   64.95
00:02:50      11    3.03    0.00   39.39    0.00    0.00    0.00    0.00    0.00    0.00   57.58
00:02:50      12    4.04    0.00   43.43    0.00    0.00    1.01    0.00    0.00    0.00   51.52
00:02:50      13    2.02    0.00   31.31    0.00    0.00    0.00    0.00    0.00    0.00   66.67
00:02:50      14    4.08    0.00   44.90    0.00    0.00    0.00    0.00    0.00    0.00   51.02
00:02:50      15    4.04    0.00   37.37    0.00    0.00    0.00    0.00    0.00    0.00   58.59
00:02:50      16    3.03    0.00   31.31    0.00    0.00    0.00    0.00    0.00    0.00   65.66
00:02:50      17    2.04    0.00   37.76    0.00    0.00    0.00    0.00    0.00    0.00   60.20
00:02:50      18    3.06    0.00   39.80    0.00    0.00    0.00    0.00    0.00    0.00   57.14
00:02:50      19    2.04    0.00   33.67    0.00    0.00    0.00    0.00    0.00    0.00   64.29

00:02:50     CPU    %usr   %nice    %sys %iowait    %irq   %soft  %steal  %guest  %gnice   %idle
00:02:51     all    2.92    0.00   37.08    0.00    0.00    0.55    0.00    0.00    0.00   59.45
00:02:51       0    3.85    0.00   40.38    0.00    0.00    4.81    0.00    0.00    0.00   50.96
00:02:51       1    3.92    0.00   40.20    0.00    0.00    3.92    0.00    0.00    0.00   51.96
00:02:51       2    2.97    0.00   36.63    0.00    0.00    1.98    0.00    0.00    0.00   58.42
00:02:51       3    3.03    0.00   31.31    0.00    0.00    0.00    0.00    0.00    0.00   65.66
00:02:51       4    1.02    0.00   32.65    0.00    0.00    0.00    0.00    0.00    0.00   66.33
00:02:51       5    3.03    0.00   37.37    0.00    0.00    0.00    0.00    0.00    0.00   59.60
00:02:51       6    2.04    0.00   34.69    0.00    0.00    0.00    0.00    0.00    0.00   63.27
00:02:51       7    4.04    0.00   39.39    0.00    0.00    0.00    0.00    0.00    0.00   56.57
00:02:51       8    2.04    0.00   35.71    0.00    0.00    0.00    0.00    0.00    0.00   62.24
00:02:51       9    3.03    0.00   40.40    0.00    0.00    0.00    0.00    0.00    0.00   56.57
00:02:51      10    3.00    0.00   31.00    0.00    0.00    0.00    0.00    0.00    0.00   66.00
00:02:51      11    2.02    0.00   36.36    0.00    0.00    0.00    0.00    0.00    0.00   61.62
00:02:51      12    3.03    0.00   44.44    0.00    0.00    0.00    0.00    0.00    0.00   52.53
00:02:51      13    4.04    0.00   34.34    0.00    0.00    0.00    0.00    0.00    0.00   61.62
00:02:51      14    2.02    0.00   35.35    0.00    0.00    0.00    0.00    0.00    0.00   62.63
00:02:51      15    3.03    0.00   40.40    0.00    0.00    0.00    0.00    0.00    0.00   56.57
00:02:51      16    2.04    0.00   37.76    0.00    0.00    0.00    0.00    0.00    0.00   60.20
00:02:51      17    3.06    0.00   35.71    0.00    0.00    0.00    0.00    0.00    0.00   61.22
00:02:51      18    4.04    0.00   40.40    0.00    0.00    0.00    0.00    0.00    0.00   55.56
00:02:51      19    3.06    0.00   36.73    0.00    0.00    0.00    0.00    0.00    0.00   60.20

00:02:51     CPU    %usr   %nice    %sys %iowait    %irq   %soft  %steal  %guest  %gnice   %idle
00:02:52     all    2.83    0.00   37.18    0.00    0.00    0.50    0.00    0.00    0.00   59.49
00:02:52       0    1.94    0.00   35.92    0.00    0.00    4.85    0.00    0.00    0.00   57.28
00:02:52       1    2.97    0.00   38.61    0.00    0.00    1.98    0.00    0.00    0.00   56.44
00:02:52       2    3.03    0.00   41.41    0.00    0.00    1.01    0.00    0.00    0.00   54.55
00:02:52       3    2.00    0.00   36.00    0.00    0.00    1.00    0.00    0.00    0.00   61.00
00:02:52       4    3.00    0.00   38.00    0.00    0.00    0.00    0.00    0.00    0.00   59.00
00:02:52       5    3.03    0.00   38.38    0.00    0.00    1.01    0.00    0.00    0.00   57.58
00:02:52       6    3.03    0.00   29.29    0.00    0.00    0.00    0.00    0.00    0.00   67.68
00:02:52       7    2.02    0.00   38.38    0.00    0.00    0.00    0.00    0.00    0.00   59.60
00:02:52       8    2.04    0.00   38.78    0.00    0.00    0.00    0.00    0.00    0.00   59.18
00:02:52       9    3.03    0.00   34.34    0.00    0.00    0.00    0.00    0.00    0.00   62.63
00:02:52      10    2.04    0.00   37.76    0.00    0.00    0.00    0.00    0.00    0.00   60.20
00:02:52      11    3.06    0.00   40.82    0.00    0.00    0.00    0.00    0.00    0.00   56.12
00:02:52      12    5.00    0.00   37.00    0.00    0.00    0.00    0.00    0.00    0.00   58.00
00:02:52      13    2.04    0.00   31.63    0.00    0.00    0.00    0.00    0.00    0.00   66.33
00:02:52      14    3.03    0.00   39.39    0.00    0.00    0.00    0.00    0.00    0.00   57.58
00:02:52      15    2.00    0.00   31.00    0.00    0.00    0.00    0.00    0.00    0.00   67.00
00:02:52      16    3.09    0.00   40.21    0.00    0.00    0.00    0.00    0.00    0.00   56.70
00:02:52      17    3.06    0.00   37.76    0.00    0.00    0.00    0.00    0.00    0.00   59.18
00:02:52      18    4.08    0.00   42.86    0.00    0.00    0.00    0.00    0.00    0.00   53.06
00:02:52      19    3.03    0.00   36.36    0.00    0.00    0.00    0.00    0.00    0.00   60.61

Average:     CPU    %usr   %nice    %sys %iowait    %irq   %soft  %steal  %guest  %gnice   %idle
Average:     all    3.05    0.00   37.90    0.00    0.00    0.50    0.01    0.00    0.00   58.54
Average:       0    2.91    0.00   36.02    0.00    0.00    4.66    0.00    0.00    0.00   56.41
Average:       1    3.38    0.00   38.97    0.00    0.00    2.39    0.00    0.00    0.00   55.27
Average:       2    3.10    0.00   37.84    0.00    0.00    1.10    0.10    0.00    0.00   57.86
Average:       3    2.93    0.00   37.54    0.00    0.00    0.71    0.00    0.00    0.00   58.83
Average:       4    3.04    0.00   36.74    0.00    0.00    0.30    0.00    0.00    0.00   59.92
Average:       5    3.04    0.00   38.16    0.00    0.00    0.30    0.00    0.00    0.00   58.50
Average:       6    2.94    0.00   37.97    0.00    0.00    0.10    0.00    0.00    0.00   58.98
Average:       7    2.93    0.00   36.10    0.00    0.00    0.10    0.00    0.00    0.00   60.87
Average:       8    2.75    0.00   37.84    0.00    0.00    0.00    0.00    0.00    0.00   59.41
Average:       9    2.94    0.00   38.68    0.00    0.00    0.00    0.00    0.00    0.00   58.38
Average:      10    2.94    0.00   36.14    0.00    0.00    0.00    0.00    0.00    0.00   60.91
Average:      11    3.05    0.00   40.30    0.00    0.00    0.00    0.00    0.00    0.00   56.65
Average:      12    3.74    0.00   40.18    0.00    0.00    0.10    0.00    0.00    0.00   55.97
Average:      13    3.04    0.00   37.02    0.00    0.00    0.00    0.00    0.00    0.00   59.94
Average:      14    2.93    0.00   36.70    0.00    0.00    0.00    0.00    0.00    0.00   60.36
Average:      15    3.13    0.00   37.92    0.00    0.00    0.10    0.00    0.00    0.00   58.85
Average:      16    2.74    0.00   36.59    0.00    0.00    0.00    0.00    0.00    0.00   60.67
Average:      17    3.05    0.00   38.92    0.00    0.00    0.00    0.00    0.00    0.00   58.03
Average:      18    3.26    0.00   40.02    0.00    0.00    0.00    0.00    0.00    0.00   56.72
Average:      19    3.14    0.00   38.44    0.00    0.00    0.00    0.00    0.00    0.00   58.42
