Linux 6.8.0-138-generic (snapshots-gpu-mi300x1-192gb-devcloud-atl1) 	10/06/26 	_x86_64_	(20 CPU)

23:52:23     CPU    %usr   %nice    %sys %iowait    %irq   %soft  %steal  %guest  %gnice   %idle
23:52:24     all    3.17    0.00   34.15    0.00    0.00    0.65    0.00    0.00    0.00   62.02
23:52:24       0    3.77    0.00   33.96    0.00    0.00    6.60    0.00    0.00    0.00   55.66
23:52:24       1    4.90    0.00   33.33    0.00    0.00    2.94    0.00    0.00    0.00   58.82
23:52:24       2    2.97    0.00   32.67    0.00    0.00    0.99    0.00    0.00    0.00   63.37
23:52:24       3    3.96    0.00   34.65    0.00    0.00    0.99    0.00    0.00    0.00   60.40
23:52:24       4    3.06    0.00   30.61    0.00    0.00    0.00    0.00    0.00    0.00   66.33
23:52:24       5    3.06    0.00   31.63    0.00    0.00    0.00    0.00    0.00    0.00   65.31
23:52:24       6    4.00    0.00   39.00    0.00    0.00    0.00    0.00    0.00    0.00   57.00
23:52:24       7    2.04    0.00   30.61    0.00    0.00    0.00    0.00    0.00    0.00   67.35
23:52:24       8    4.04    0.00   38.38    0.00    0.00    0.00    0.00    0.00    0.00   57.58
23:52:24       9    3.96    0.00   37.62    0.00    0.00    0.00    0.00    0.00    0.00   58.42
23:52:24      10    3.03    0.00   31.31    0.00    0.00    0.00    0.00    0.00    0.00   65.66
23:52:24      11    3.03    0.00   30.30    0.00    0.00    1.01    0.00    0.00    0.00   65.66
23:52:24      12    3.00    0.00   36.00    0.00    0.00    0.00    0.00    0.00    0.00   61.00
23:52:24      13    3.06    0.00   36.73    0.00    0.00    0.00    0.00    0.00    0.00   60.20
23:52:24      14    3.03    0.00   38.38    0.00    0.00    0.00    0.00    0.00    0.00   58.59
23:52:24      15    2.06    0.00   36.08    0.00    0.00    0.00    0.00    0.00    0.00   61.86
23:52:24      16    3.03    0.00   32.32    0.00    0.00    0.00    0.00    0.00    0.00   64.65
23:52:24      17    3.09    0.00   36.08    0.00    0.00    0.00    0.00    0.00    0.00   60.82
23:52:24      18    2.04    0.00   34.69    0.00    0.00    0.00    0.00    0.00    0.00   63.27
23:52:24      19    2.04    0.00   28.57    0.00    0.00    0.00    0.00    0.00    0.00   69.39

23:52:24     CPU    %usr   %nice    %sys %iowait    %irq   %soft  %steal  %guest  %gnice   %idle
23:52:25     all    3.36    0.00   34.10    0.00    0.00    0.60    0.00    0.00    0.00   61.94
23:52:25       0    3.88    0.00   36.89    0.00    0.00    3.88    0.00    0.00    0.00   55.34
23:52:25       1    3.92    0.00   33.33    0.00    0.00    4.90    0.00    0.00    0.00   57.84
23:52:25       2    2.97    0.00   35.64    0.00    0.00    0.99    0.00    0.00    0.00   60.40
23:52:25       3    3.03    0.00   31.31    0.00    0.00    1.01    0.00    0.00    0.00   64.65
23:52:25       4    3.96    0.00   38.61    0.00    0.00    0.99    0.00    0.00    0.00   56.44
23:52:25       5    3.00    0.00   30.00    0.00    0.00    0.00    0.00    0.00    0.00   67.00
23:52:25       6    3.06    0.00   35.71    0.00    0.00    0.00    0.00    0.00    0.00   61.22
23:52:25       7    4.00    0.00   34.00    0.00    0.00    0.00    0.00    0.00    0.00   62.00
23:52:25       8    4.12    0.00   38.14    0.00    0.00    0.00    0.00    0.00    0.00   57.73
23:52:25       9    3.00    0.00   30.00    0.00    0.00    0.00    0.00    0.00    0.00   67.00
23:52:25      10    4.04    0.00   38.38    0.00    0.00    0.00    0.00    0.00    0.00   57.58
23:52:25      11    4.00    0.00   38.00    0.00    0.00    0.00    0.00    0.00    0.00   58.00
23:52:25      12    4.00    0.00   33.00    0.00    0.00    0.00    0.00    0.00    0.00   63.00
23:52:25      13    2.97    0.00   30.69    0.00    0.00    0.00    0.00    0.00    0.00   66.34
23:52:25      14    4.04    0.00   33.33    0.00    0.00    0.00    0.00    0.00    0.00   62.63
23:52:25      15    2.02    0.00   29.29    0.00    0.00    0.00    0.00    0.00    0.00   68.69
23:52:25      16    3.06    0.00   37.76    0.00    0.00    0.00    0.00    0.00    0.00   59.18
23:52:25      17    2.02    0.00   31.31    0.00    0.00    0.00    0.00    0.00    0.00   66.67
23:52:25      18    3.00    0.00   32.00    0.00    0.00    0.00    0.00    0.00    0.00   65.00
23:52:25      19    3.06    0.00   34.69    0.00    0.00    0.00    0.00    0.00    0.00   62.24

23:52:25     CPU    %usr   %nice    %sys %iowait    %irq   %soft  %steal  %guest  %gnice   %idle
23:52:26     all    2.97    0.00   34.64    0.00    0.00    0.65    0.00    0.00    0.00   61.73
23:52:26       0    2.88    0.00   34.62    0.00    0.00    5.77    0.00    0.00    0.00   56.73
23:52:26       1    1.96    0.00   34.31    0.00    0.00    1.96    0.00    0.00    0.00   61.76
23:52:26       2    4.00    0.00   34.00    0.00    0.00    3.00    0.00    0.00    0.00   59.00
23:52:26       3    2.97    0.00   31.68    0.00    0.00    0.99    0.00    0.00    0.00   64.36
23:52:26       4    3.03    0.00   33.33    0.00    0.00    0.00    0.00    0.00    0.00   63.64
23:52:26       5    3.03    0.00   37.37    0.00    0.00    0.00    0.00    0.00    0.00   59.60
23:52:26       6    3.03    0.00   37.37    0.00    0.00    0.00    0.00    0.00    0.00   59.60
23:52:26       7    2.00    0.00   32.00    0.00    0.00    0.00    0.00    0.00    0.00   66.00
23:52:26       8    3.03    0.00   34.34    0.00    0.00    0.00    0.00    0.00    0.00   62.63
23:52:26       9    3.06    0.00   32.65    0.00    0.00    0.00    0.00    0.00    0.00   64.29
23:52:26      10    2.97    0.00   33.66    0.00    0.00    0.99    0.00    0.00    0.00   62.38
23:52:26      11    2.06    0.00   32.99    0.00    0.00    0.00    0.00    0.00    0.00   64.95
23:52:26      12    3.06    0.00   31.63    0.00    0.00    0.00    0.00    0.00    0.00   65.31
23:52:26      13    3.12    0.00   37.50    0.00    0.00    0.00    0.00    0.00    0.00   59.38
23:52:26      14    3.03    0.00   37.37    0.00    0.00    0.00    0.00    0.00    0.00   59.60
23:52:26      15    4.08    0.00   36.73    0.00    0.00    0.00    0.00    0.00    0.00   59.18
23:52:26      16    3.03    0.00   37.37    0.00    0.00    0.00    0.00    0.00    0.00   59.60
23:52:26      17    3.03    0.00   32.32    0.00    0.00    0.00    0.00    0.00    0.00   64.65
23:52:26      18    4.04    0.00   37.37    0.00    0.00    0.00    0.00    0.00    0.00   58.59
23:52:26      19    2.02    0.00   34.34    0.00    0.00    0.00    0.00    0.00    0.00   63.64

23:52:26     CPU    %usr   %nice    %sys %iowait    %irq   %soft  %steal  %guest  %gnice   %idle
23:52:27     all    3.27    0.00   34.66    0.00    0.00    0.60    0.00    0.00    0.00   61.47
23:52:27       0    2.91    0.00   29.13    0.00    0.00    4.85    0.00    0.00    0.00   63.11
23:52:27       1    2.94    0.00   33.33    0.00    0.00    2.94    0.00    0.00    0.00   60.78
23:52:27       2    3.92    0.00   32.35    0.00    0.00    1.96    0.00    0.00    0.00   61.76
23:52:27       3    4.00    0.00   40.00    0.00    0.00    1.00    0.00    0.00    0.00   55.00
23:52:27       4    3.00    0.00   31.00    0.00    0.00    0.00    0.00    0.00    0.00   66.00
23:52:27       5    2.02    0.00   29.29    0.00    0.00    1.01    0.00    0.00    0.00   67.68
23:52:27       6    3.09    0.00   35.05    0.00    0.00    0.00    0.00    0.00    0.00   61.86
23:52:27       7    2.06    0.00   30.93    0.00    0.00    0.00    0.00    0.00    0.00   67.01
23:52:27       8    3.09    0.00   31.96    0.00    0.00    0.00    0.00    0.00    0.00   64.95
23:52:27       9    2.00    0.00   27.00    0.00    0.00    0.00    0.00    0.00    0.00   71.00
23:52:27      10    3.06    0.00   36.73    0.00    0.00    0.00    0.00    0.00    0.00   60.20
23:52:27      11    2.97    0.00   32.67    0.00    0.00    0.00    0.00    0.00    0.00   64.36
23:52:27      12    3.03    0.00   38.38    0.00    0.00    0.00    0.00    0.00    0.00   58.59
23:52:27      13    4.00    0.00   40.00    0.00    0.00    0.00    0.00    0.00    0.00   56.00
23:52:27      14    3.06    0.00   38.78    0.00    0.00    0.00    0.00    0.00    0.00   58.16
23:52:27      15    4.04    0.00   37.37    0.00    0.00    0.00    0.00    0.00    0.00   58.59
23:52:27      16    5.05    0.00   39.39    0.00    0.00    0.00    0.00    0.00    0.00   55.56
23:52:27      17    4.00    0.00   37.00    0.00    0.00    0.00    0.00    0.00    0.00   59.00
23:52:27      18    3.03    0.00   34.34    0.00    0.00    0.00    0.00    0.00    0.00   62.63
23:52:27      19    4.08    0.00   38.78    0.00    0.00    0.00    0.00    0.00    0.00   57.14

23:52:27     CPU    %usr   %nice    %sys %iowait    %irq   %soft  %steal  %guest  %gnice   %idle
23:52:28     all    3.25    0.00   34.77    0.00    0.00    0.70    0.00    0.00    0.00   61.28
23:52:28       0    2.83    0.00   37.74    0.00    0.00    6.60    0.00    0.00    0.00   52.83
23:52:28       1    3.88    0.00   36.89    0.00    0.00    3.88    0.00    0.00    0.00   55.34
23:52:28       2    3.00    0.00   37.00    0.00    0.00    1.00    0.00    0.00    0.00   59.00
23:52:28       3    2.97    0.00   30.69    0.00    0.00    0.99    0.00    0.00    0.00   65.35
23:52:28       4    4.00    0.00   35.00    0.00    0.00    1.00    0.00    0.00    0.00   60.00
23:52:28       5    4.04    0.00   34.34    0.00    0.00    0.00    0.00    0.00    0.00   61.62
23:52:28       6    2.02    0.00   24.24    0.00    0.00    0.00    0.00    0.00    0.00   73.74
23:52:28       7    3.00    0.00   32.00    0.00    0.00    0.00    0.00    0.00    0.00   65.00
23:52:28       8    4.95    0.00   36.63    0.00    0.00    0.00    0.00    0.00    0.00   58.42
23:52:28       9    4.04    0.00   36.36    0.00    0.00    0.00    0.00    0.00    0.00   59.60
23:52:28      10    2.02    0.00   30.30    0.00    0.00    0.00    0.00    0.00    0.00   67.68
23:52:28      11    3.06    0.00   39.80    0.00    0.00    0.00    0.00    0.00    0.00   57.14
23:52:28      12    3.06    0.00   36.73    0.00    0.00    0.00    0.00    0.00    0.00   60.20
23:52:28      13    3.03    0.00   37.37    0.00    0.00    0.00    0.00    0.00    0.00   59.60
23:52:28      14    3.96    0.00   34.65    0.00    0.00    0.00    0.00    0.00    0.00   61.39
23:52:28      15    3.00    0.00   32.00    0.00    0.00    0.00    0.00    0.00    0.00   65.00
23:52:28      16    2.06    0.00   36.08    0.00    0.00    0.00    0.00    0.00    0.00   61.86
23:52:28      17    3.96    0.00   34.65    0.00    0.00    0.00    0.00    0.00    0.00   61.39
23:52:28      18    3.03    0.00   37.37    0.00    0.00    0.00    0.00    0.00    0.00   59.60
23:52:28      19    3.03    0.00   35.35    0.00    0.00    0.00    0.00    0.00    0.00   61.62

23:52:28     CPU    %usr   %nice    %sys %iowait    %irq   %soft  %steal  %guest  %gnice   %idle
23:52:29     all    3.40    0.00   35.11    0.00    0.00    0.60    0.00    0.00    0.00   60.89
23:52:29       0    2.83    0.00   34.91    0.00    0.00    7.55    0.00    0.00    0.00   54.72
23:52:29       1    2.94    0.00   29.41    0.00    0.00    1.96    0.00    0.00    0.00   65.69
23:52:29       2    2.00    0.00   31.00    0.00    0.00    1.00    0.00    0.00    0.00   66.00
23:52:29       3    3.03    0.00   40.40    0.00    0.00    0.00    0.00    0.00    0.00   56.57
23:52:29       4    4.08    0.00   37.76    0.00    0.00    0.00    0.00    0.00    0.00   58.16
23:52:29       5    3.96    0.00   34.65    0.00    0.00    0.99    0.00    0.00    0.00   60.40
23:52:29       6    4.00    0.00   38.00    0.00    0.00    0.00    0.00    0.00    0.00   58.00
23:52:29       7    4.00    0.00   33.00    0.00    0.00    0.00    0.00    0.00    0.00   63.00
23:52:29       8    4.04    0.00   37.37    0.00    0.00    0.00    0.00    0.00    0.00   58.59
23:52:29       9    3.03    0.00   35.35    0.00    0.00    0.00    0.00    0.00    0.00   61.62
23:52:29      10    4.00    0.00   40.00    0.00    0.00    0.00    0.00    0.00    0.00   56.00
23:52:29      11    3.00    0.00   36.00    0.00    0.00    0.00    0.00    0.00    0.00   61.00
23:52:29      12    3.96    0.00   36.63    0.00    0.00    0.00    0.00    0.00    0.00   59.41
23:52:29      13    3.00    0.00   36.00    0.00    0.00    0.00    0.00    0.00    0.00   61.00
23:52:29      14    4.08    0.00   33.67    0.00    0.00    0.00    0.00    0.00    0.00   62.24
23:52:29      15    3.00    0.00   27.00    0.00    0.00    0.00    0.00    0.00    0.00   70.00
23:52:29      16    4.00    0.00   34.00    0.00    0.00    0.00    0.00    0.00    0.00   62.00
23:52:29      17    3.03    0.00   35.35    0.00    0.00    0.00    0.00    0.00    0.00   61.62
23:52:29      18    2.00    0.00   34.00    0.00    0.00    0.00    0.00    0.00    0.00   64.00
23:52:29      19    4.00    0.00   38.00    0.00    0.00    0.00    0.00    0.00    0.00   58.00

23:52:29     CPU    %usr   %nice    %sys %iowait    %irq   %soft  %steal  %guest  %gnice   %idle
23:52:30     all    3.31    0.00   34.39    0.00    0.00    0.80    0.00    0.00    0.00   61.50
23:52:30       0    3.81    0.00   37.14    0.00    0.00    5.71    0.00    0.00    0.00   53.33
23:52:30       1    3.00    0.00   34.00    0.00    0.00    3.00    0.00    0.00    0.00   60.00
23:52:30       2    2.00    0.00   31.00    0.00    0.00    3.00    0.00    0.00    0.00   64.00
23:52:30       3    4.04    0.00   30.30    0.00    0.00    0.00    0.00    0.00    0.00   65.66
23:52:30       4    3.96    0.00   32.67    0.00    0.00    0.99    0.00    0.00    0.00   62.38
23:52:30       5    2.02    0.00   35.35    0.00    0.00    0.00    0.00    0.00    0.00   62.63
23:52:30       6    2.02    0.00   34.34    0.00    0.00    1.01    0.00    0.00    0.00   62.63
23:52:30       7    5.00    0.00   35.00    0.00    0.00    1.00    0.00    0.00    0.00   59.00
23:52:30       8    2.97    0.00   29.70    0.00    0.00    0.99    0.00    0.00    0.00   66.34
23:52:30       9    5.05    0.00   33.33    0.00    0.00    0.00    0.00    0.00    0.00   61.62
23:52:30      10    4.04    0.00   36.36    0.00    0.00    0.00    0.00    0.00    0.00   59.60
23:52:30      11    3.03    0.00   34.34    0.00    0.00    0.00    0.00    0.00    0.00   62.63
23:52:30      12    4.04    0.00   38.38    0.00    0.00    0.00    0.00    0.00    0.00   57.58
23:52:30      13    3.03    0.00   36.36    0.00    0.00    0.00    0.00    0.00    0.00   60.61
23:52:30      14    3.03    0.00   40.40    0.00    0.00    0.00    0.00    0.00    0.00   56.57
23:52:30      15    4.00    0.00   37.00    0.00    0.00    0.00    0.00    0.00    0.00   59.00
23:52:30      16    3.06    0.00   31.63    0.00    0.00    0.00    0.00    0.00    0.00   65.31
23:52:30      17    3.03    0.00   33.33    0.00    0.00    0.00    0.00    0.00    0.00   63.64
23:52:30      18    2.06    0.00   29.90    0.00    0.00    0.00    0.00    0.00    0.00   68.04
23:52:30      19    3.00    0.00   37.00    0.00    0.00    0.00    0.00    0.00    0.00   60.00

23:52:30     CPU    %usr   %nice    %sys %iowait    %irq   %soft  %steal  %guest  %gnice   %idle
23:52:31     all    2.93    0.00   35.40    0.00    0.00    0.56    0.00    0.00    0.00   61.11
23:52:31       0    3.77    0.00   34.91    0.00    0.00    6.60    0.00    0.00    0.00   54.72
23:52:31       1    3.00    0.00   33.00    0.00    0.00    2.00    0.00    0.00    0.00   62.00
23:52:31       2    3.03    0.00   29.29    0.00    0.00    1.01    0.00    0.00    0.00   66.67
23:52:31       3    3.06    0.00   38.78    0.00    0.00    1.02    0.00    0.00    0.00   57.14
23:52:31       4    3.06    0.00   30.61    0.00    0.00    0.00    0.00    0.00    0.00   66.33
23:52:31       5    3.03    0.00   32.32    0.00    0.00    0.00    0.00    0.00    0.00   64.65
23:52:31       6    4.04    0.00   39.39    0.00    0.00    0.00    0.00    0.00    0.00   56.57
23:52:31       7    2.04    0.00   37.76    0.00    0.00    0.00    0.00    0.00    0.00   60.20
23:52:31       8    2.04    0.00   35.71    0.00    0.00    0.00    0.00    0.00    0.00   62.24
23:52:31       9    3.00    0.00   38.00    0.00    0.00    0.00    0.00    0.00    0.00   59.00
23:52:31      10    3.06    0.00   38.78    0.00    0.00    0.00    0.00    0.00    0.00   58.16
23:52:31      11    3.03    0.00   34.34    0.00    0.00    0.00    0.00    0.00    0.00   62.63
23:52:31      12    3.03    0.00   37.37    0.00    0.00    0.00    0.00    0.00    0.00   59.60
23:52:31      13    2.02    0.00   30.30    0.00    0.00    0.00    0.00    0.00    0.00   67.68
23:52:31      14    2.04    0.00   37.76    0.00    0.00    0.00    0.00    0.00    0.00   60.20
23:52:31      15    3.03    0.00   39.39    0.00    0.00    0.00    0.00    0.00    0.00   57.58
23:52:31      16    4.08    0.00   35.71    0.00    0.00    0.00    0.00    0.00    0.00   60.20
23:52:31      17    2.04    0.00   32.65    0.00    0.00    0.00    0.00    0.00    0.00   65.31
23:52:31      18    3.03    0.00   38.38    0.00    0.00    0.00    0.00    0.00    0.00   58.59
23:52:31      19    3.06    0.00   33.67    0.00    0.00    0.00    0.00    0.00    0.00   63.27

23:52:31     CPU    %usr   %nice    %sys %iowait    %irq   %soft  %steal  %guest  %gnice   %idle
23:52:32     all    3.26    0.00   33.68    0.00    0.00    0.55    0.00    0.00    0.00   62.50
23:52:32       0    2.91    0.00   25.24    0.00    0.00    4.85    0.00    0.00    0.00   66.99
23:52:32       1    2.91    0.00   35.92    0.00    0.00    2.91    0.00    0.00    0.00   58.25
23:52:32       2    2.02    0.00   32.32    0.00    0.00    1.01    0.00    0.00    0.00   64.65
23:52:32       3    4.00    0.00   34.00    0.00    0.00    1.00    0.00    0.00    0.00   61.00
23:52:32       4    2.02    0.00   32.32    0.00    0.00    1.01    0.00    0.00    0.00   64.65
23:52:32       5    3.03    0.00   31.31    0.00    0.00    0.00    0.00    0.00    0.00   65.66
23:52:32       6    3.00    0.00   39.00    0.00    0.00    0.00    0.00    0.00    0.00   58.00
23:52:32       7    3.00    0.00   35.00    0.00    0.00    0.00    0.00    0.00    0.00   62.00
23:52:32       8    4.00    0.00   32.00    0.00    0.00    0.00    0.00    0.00    0.00   64.00
23:52:32       9    3.06    0.00   42.86    0.00    0.00    0.00    0.00    0.00    0.00   54.08
23:52:32      10    4.04    0.00   38.38    0.00    0.00    0.00    0.00    0.00    0.00   57.58
23:52:32      11    4.04    0.00   29.29    0.00    0.00    0.00    0.00    0.00    0.00   66.67
23:52:32      12    4.04    0.00   32.32    0.00    0.00    0.00    0.00    0.00    0.00   63.64
23:52:32      13    4.00    0.00   35.00    0.00    0.00    0.00    0.00    0.00    0.00   61.00
23:52:32      14    3.03    0.00   38.38    0.00    0.00    0.00    0.00    0.00    0.00   58.59
23:52:32      15    4.08    0.00   35.71    0.00    0.00    0.00    0.00    0.00    0.00   60.20
23:52:32      16    4.04    0.00   33.33    0.00    0.00    0.00    0.00    0.00    0.00   62.63
23:52:32      17    2.04    0.00   26.53    0.00    0.00    0.00    0.00    0.00    0.00   71.43
23:52:32      18    3.00    0.00   34.00    0.00    0.00    0.00    0.00    0.00    0.00   63.00
23:52:32      19    3.00    0.00   31.00    0.00    0.00    0.00    0.00    0.00    0.00   66.00

23:52:32     CPU    %usr   %nice    %sys %iowait    %irq   %soft  %steal  %guest  %gnice   %idle
23:52:33     all    3.06    0.00   35.29    0.00    0.00    0.75    0.00    0.00    0.00   60.89
23:52:33       0    3.70    0.00   35.19    0.00    0.00    7.41    0.00    0.00    0.00   53.70
23:52:33       1    2.00    0.00   31.00    0.00    0.00    3.00    0.00    0.00    0.00   64.00
23:52:33       2    3.96    0.00   38.61    0.00    0.00    1.98    0.00    0.00    0.00   55.45
23:52:33       3    3.00    0.00   33.00    0.00    0.00    1.00    0.00    0.00    0.00   63.00
23:52:33       4    3.00    0.00   30.00    0.00    0.00    0.00    0.00    0.00    0.00   67.00
23:52:33       5    1.98    0.00   32.67    0.00    0.00    0.99    0.00    0.00    0.00   64.36
23:52:33       6    3.00    0.00   36.00    0.00    0.00    0.00    0.00    0.00    0.00   61.00
23:52:33       7    3.06    0.00   37.76    0.00    0.00    0.00    0.00    0.00    0.00   59.18
23:52:33       8    3.03    0.00   31.31    0.00    0.00    0.00    0.00    0.00    0.00   65.66
23:52:33       9    3.03    0.00   33.33    0.00    0.00    0.00    0.00    0.00    0.00   63.64
23:52:33      10    4.04    0.00   43.43    0.00    0.00    0.00    0.00    0.00    0.00   52.53
23:52:33      11    3.03    0.00   36.36    0.00    0.00    0.00    0.00    0.00    0.00   60.61
23:52:33      12    2.02    0.00   32.32    0.00    0.00    0.00    0.00    0.00    0.00   65.66
23:52:33      13    3.09    0.00   36.08    0.00    0.00    0.00    0.00    0.00    0.00   60.82
23:52:33      14    2.04    0.00   34.69    0.00    0.00    0.00    0.00    0.00    0.00   63.27
23:52:33      15    4.04    0.00   36.36    0.00    0.00    0.00    0.00    0.00    0.00   59.60
23:52:33      16    3.06    0.00   38.78    0.00    0.00    0.00    0.00    0.00    0.00   58.16
23:52:33      17    4.04    0.00   41.41    0.00    0.00    0.00    0.00    0.00    0.00   54.55
23:52:33      18    3.03    0.00   36.36    0.00    0.00    0.00    0.00    0.00    0.00   60.61
23:52:33      19    3.03    0.00   31.31    0.00    0.00    0.00    0.00    0.00    0.00   65.66

Average:     CPU    %usr   %nice    %sys %iowait    %irq   %soft  %steal  %guest  %gnice   %idle
Average:     all    3.20    0.00   34.62    0.00    0.00    0.65    0.00    0.00    0.00   61.53
Average:       0    3.33    0.00   34.00    0.00    0.00    6.00    0.00    0.00    0.00   56.67
Average:       1    3.15    0.00   33.46    0.00    0.00    2.95    0.00    0.00    0.00   60.43
Average:       2    2.99    0.00   33.40    0.00    0.00    1.60    0.00    0.00    0.00   62.01
Average:       3    3.41    0.00   34.47    0.00    0.00    0.80    0.00    0.00    0.00   61.32
Average:       4    3.32    0.00   33.20    0.00    0.00    0.40    0.00    0.00    0.00   63.08
Average:       5    2.92    0.00   32.90    0.00    0.00    0.30    0.00    0.00    0.00   63.88
Average:       6    3.13    0.00   35.82    0.00    0.00    0.10    0.00    0.00    0.00   60.95
Average:       7    3.03    0.00   33.80    0.00    0.00    0.10    0.00    0.00    0.00   63.07
Average:       8    3.54    0.00   34.55    0.00    0.00    0.10    0.00    0.00    0.00   61.82
Average:       9    3.32    0.00   34.64    0.00    0.00    0.00    0.00    0.00    0.00   62.03
Average:      10    3.43    0.00   36.73    0.00    0.00    0.10    0.00    0.00    0.00   59.74
Average:      11    3.13    0.00   34.41    0.00    0.00    0.10    0.00    0.00    0.00   62.36
Average:      12    3.33    0.00   35.28    0.00    0.00    0.00    0.00    0.00    0.00   61.39
Average:      13    3.13    0.00   35.59    0.00    0.00    0.00    0.00    0.00    0.00   61.27
Average:      14    3.14    0.00   36.74    0.00    0.00    0.00    0.00    0.00    0.00   60.12
Average:      15    3.34    0.00   34.68    0.00    0.00    0.00    0.00    0.00    0.00   61.98
Average:      16    3.45    0.00   35.63    0.00    0.00    0.00    0.00    0.00    0.00   60.91
Average:      17    3.03    0.00   34.07    0.00    0.00    0.00    0.00    0.00    0.00   62.89
Average:      18    2.83    0.00   34.85    0.00    0.00    0.00    0.00    0.00    0.00   62.32
Average:      19    3.03    0.00   34.28    0.00    0.00    0.00    0.00    0.00    0.00   62.69
