Linux 6.8.0-138-generic (snapshots-gpu-mi300x1-192gb-devcloud-atl1) 	10/06/26 	_x86_64_	(20 CPU)

18:22:07     CPU    %usr   %nice    %sys %iowait    %irq   %soft  %steal  %guest  %gnice   %idle
18:22:08     all    5.46    0.00   45.65    0.00    0.00    0.20    0.00    0.00    0.00   48.69
18:22:08       0    3.96    0.00   46.53    0.00    0.00    1.98    0.00    0.00    0.00   47.52
18:22:08       1    6.06    0.00   53.54    0.00    0.00    1.01    0.00    0.00    0.00   39.39
18:22:08       2    4.04    0.00   47.47    0.00    0.00    0.00    0.00    0.00    0.00   48.48
18:22:08       3    4.08    0.00   48.98    0.00    0.00    0.00    0.00    0.00    0.00   46.94
18:22:08       4    6.06    0.00   42.42    0.00    0.00    0.00    0.00    0.00    0.00   51.52
18:22:08       5    4.08    0.00   45.92    0.00    0.00    0.00    0.00    0.00    0.00   50.00
18:22:08       6    4.04    0.00   41.41    0.00    0.00    0.00    0.00    0.00    0.00   54.55
18:22:08       7    6.06    0.00   43.43    0.00    0.00    1.01    0.00    0.00    0.00   49.49
18:22:08       8    5.10    0.00   41.84    0.00    0.00    0.00    0.00    0.00    0.00   53.06
18:22:08       9    6.06    0.00   48.48    0.00    0.00    0.00    0.00    0.00    0.00   45.45
18:22:08      10    5.10    0.00   45.92    0.00    0.00    0.00    0.00    0.00    0.00   48.98
18:22:08      11    7.14    0.00   46.94    0.00    0.00    0.00    0.00    0.00    0.00   45.92
18:22:08      12   17.00    0.00   52.00    0.00    0.00    0.00    0.00    0.00    0.00   31.00
18:22:08      13    4.04    0.00   42.42    0.00    0.00    0.00    0.00    0.00    0.00   53.54
18:22:08      14    6.06    0.00   45.45    0.00    0.00    0.00    0.00    0.00    0.00   48.48
18:22:08      15    4.04    0.00   40.40    0.00    0.00    0.00    0.00    0.00    0.00   55.56
18:22:08      16    4.04    0.00   45.45    0.00    0.00    0.00    0.00    0.00    0.00   50.51
18:22:08      17    5.05    0.00   41.41    0.00    0.00    0.00    0.00    0.00    0.00   53.54
18:22:08      18    4.04    0.00   47.47    0.00    0.00    0.00    0.00    0.00    0.00   48.48
18:22:08      19    3.03    0.00   45.45    0.00    0.00    0.00    0.00    0.00    0.00   51.52

18:22:08     CPU    %usr   %nice    %sys %iowait    %irq   %soft  %steal  %guest  %gnice   %idle
18:22:09     all    4.47    0.00   44.28    0.00    0.00    0.05    0.00    0.00    0.00   51.19
18:22:09       0    4.08    0.00   44.90    0.00    0.00    0.00    0.00    0.00    0.00   51.02
18:22:09       1    5.10    0.00   50.00    0.00    0.00    0.00    0.00    0.00    0.00   44.90
18:22:09       2    4.95    0.00   38.61    0.00    0.00    0.00    0.00    0.00    0.00   56.44
18:22:09       3    6.12    0.00   50.00    0.00    0.00    0.00    0.00    0.00    0.00   43.88
18:22:09       4    4.12    0.00   39.18    0.00    0.00    0.00    0.00    0.00    0.00   56.70
18:22:09       5    5.10    0.00   43.88    0.00    0.00    0.00    0.00    0.00    0.00   51.02
18:22:09       6    6.06    0.00   49.49    0.00    0.00    0.00    0.00    0.00    0.00   44.44
18:22:09       7    4.00    0.00   43.00    0.00    0.00    0.00    0.00    0.00    0.00   53.00
18:22:09       8    4.04    0.00   42.42    0.00    0.00    1.01    0.00    0.00    0.00   52.53
18:22:09       9    3.03    0.00   39.39    0.00    0.00    0.00    0.00    0.00    0.00   57.58
18:22:09      10    4.04    0.00   45.45    0.00    0.00    0.00    0.00    0.00    0.00   50.51
18:22:09      11    3.09    0.00   47.42    0.00    0.00    0.00    0.00    0.00    0.00   49.48
18:22:09      12    3.09    0.00   43.30    0.00    0.00    0.00    0.00    0.00    0.00   53.61
18:22:09      13    4.12    0.00   48.45    0.00    0.00    0.00    0.00    0.00    0.00   47.42
18:22:09      14    3.06    0.00   44.90    0.00    0.00    0.00    0.00    0.00    0.00   52.04
18:22:09      15    4.04    0.00   39.39    0.00    0.00    0.00    0.00    0.00    0.00   56.57
18:22:09      16    7.14    0.00   46.94    0.00    0.00    0.00    0.00    0.00    0.00   45.92
18:22:09      17    7.07    0.00   45.45    0.00    0.00    0.00    0.00    0.00    0.00   47.47
18:22:09      18    3.06    0.00   39.80    0.00    0.00    0.00    0.00    0.00    0.00   57.14
18:22:09      19    4.08    0.00   43.88    0.00    0.00    0.00    0.00    0.00    0.00   52.04

18:22:09     CPU    %usr   %nice    %sys %iowait    %irq   %soft  %steal  %guest  %gnice   %idle
18:22:10     all    4.70    0.00   42.57    0.00    0.00    0.15    0.05    0.00    0.00   52.53
18:22:10       0    4.04    0.00   43.43    0.00    0.00    1.01    0.00    0.00    0.00   51.52
18:22:10       1    2.02    0.00   32.32    0.00    0.00    0.00    0.00    0.00    0.00   65.66
18:22:10       2    5.10    0.00   47.96    0.00    0.00    1.02    0.00    0.00    0.00   45.92
18:22:10       3    6.00    0.00   47.00    0.00    0.00    0.00    0.00    0.00    0.00   47.00
18:22:10       4    4.04    0.00   39.39    0.00    0.00    0.00    0.00    0.00    0.00   56.57
18:22:10       5    7.14    0.00   45.92    0.00    0.00    0.00    0.00    0.00    0.00   46.94
18:22:10       6    4.08    0.00   39.80    0.00    0.00    0.00    0.00    0.00    0.00   56.12
18:22:10       7    4.08    0.00   40.82    0.00    0.00    0.00    0.00    0.00    0.00   55.10
18:22:10       8    6.06    0.00   44.44    0.00    0.00    0.00    0.00    0.00    0.00   49.49
18:22:10       9    4.12    0.00   50.52    0.00    0.00    0.00    0.00    0.00    0.00   45.36
18:22:10      10    6.06    0.00   45.45    0.00    0.00    0.00    0.00    0.00    0.00   48.48
18:22:10      11    4.00    0.00   41.00    0.00    0.00    0.00    0.00    0.00    0.00   55.00
18:22:10      12    4.08    0.00   37.76    0.00    0.00    0.00    0.00    0.00    0.00   58.16
18:22:10      13    5.94    0.00   40.59    0.00    0.00    0.00    0.99    0.00    0.00   52.48
18:22:10      14    4.00    0.00   40.00    0.00    0.00    1.00    0.00    0.00    0.00   55.00
18:22:10      15    5.10    0.00   52.04    0.00    0.00    0.00    0.00    0.00    0.00   42.86
18:22:10      16    4.04    0.00   39.39    0.00    0.00    0.00    0.00    0.00    0.00   56.57
18:22:10      17    5.05    0.00   40.40    0.00    0.00    0.00    0.00    0.00    0.00   54.55
18:22:10      18    6.06    0.00   44.44    0.00    0.00    0.00    0.00    0.00    0.00   49.49
18:22:10      19    3.00    0.00   39.00    0.00    0.00    0.00    0.00    0.00    0.00   58.00

18:22:10     CPU    %usr   %nice    %sys %iowait    %irq   %soft  %steal  %guest  %gnice   %idle
18:22:11     all    4.41    0.00   43.70    0.00    0.00    0.05    0.00    0.00    0.00   51.85
18:22:11       0    8.08    0.00   46.46    0.00    0.00    1.01    0.00    0.00    0.00   44.44
18:22:11       1    5.10    0.00   41.84    0.00    0.00    0.00    0.00    0.00    0.00   53.06
18:22:11       2    4.04    0.00   46.46    0.00    0.00    0.00    0.00    0.00    0.00   49.49
18:22:11       3    4.08    0.00   46.94    0.00    0.00    0.00    0.00    0.00    0.00   48.98
18:22:11       4    3.03    0.00   38.38    0.00    0.00    0.00    0.00    0.00    0.00   58.59
18:22:11       5    3.03    0.00   37.37    0.00    0.00    0.00    0.00    0.00    0.00   59.60
18:22:11       6    3.06    0.00   51.02    0.00    0.00    0.00    0.00    0.00    0.00   45.92
18:22:11       7    5.10    0.00   48.98    0.00    0.00    0.00    0.00    0.00    0.00   45.92
18:22:11       8    5.05    0.00   42.42    0.00    0.00    0.00    0.00    0.00    0.00   52.53
18:22:11       9    5.00    0.00   44.00    0.00    0.00    0.00    0.00    0.00    0.00   51.00
18:22:11      10    4.04    0.00   49.49    0.00    0.00    0.00    0.00    0.00    0.00   46.46
18:22:11      11    4.08    0.00   46.94    0.00    0.00    0.00    0.00    0.00    0.00   48.98
18:22:11      12    6.00    0.00   46.00    0.00    0.00    0.00    0.00    0.00    0.00   48.00
18:22:11      13    3.03    0.00   45.45    0.00    0.00    0.00    0.00    0.00    0.00   51.52
18:22:11      14    3.03    0.00   39.39    0.00    0.00    0.00    0.00    0.00    0.00   57.58
18:22:11      15    4.08    0.00   37.76    0.00    0.00    0.00    0.00    0.00    0.00   58.16
18:22:11      16    5.05    0.00   39.39    0.00    0.00    0.00    0.00    0.00    0.00   55.56
18:22:11      17    3.06    0.00   33.67    0.00    0.00    0.00    0.00    0.00    0.00   63.27
18:22:11      18    5.05    0.00   47.47    0.00    0.00    0.00    0.00    0.00    0.00   47.47
18:22:11      19    5.05    0.00   44.44    0.00    0.00    0.00    0.00    0.00    0.00   50.51

18:22:11     CPU    %usr   %nice    %sys %iowait    %irq   %soft  %steal  %guest  %gnice   %idle
18:22:12     all    4.61    0.00   44.41    0.00    0.00    0.05    0.00    0.00    0.00   50.94
18:22:12       0    3.03    0.00   43.43    0.00    0.00    0.00    0.00    0.00    0.00   53.54
18:22:12       1    4.95    0.00   42.57    0.00    0.00    0.99    0.00    0.00    0.00   51.49
18:22:12       2    5.15    0.00   44.33    0.00    0.00    0.00    0.00    0.00    0.00   50.52
18:22:12       3    3.06    0.00   44.90    0.00    0.00    0.00    0.00    0.00    0.00   52.04
18:22:12       4    5.00    0.00   51.00    0.00    0.00    0.00    0.00    0.00    0.00   44.00
18:22:12       5    5.05    0.00   46.46    0.00    0.00    0.00    0.00    0.00    0.00   48.48
18:22:12       6    7.07    0.00   45.45    0.00    0.00    0.00    0.00    0.00    0.00   47.47
18:22:12       7    5.10    0.00   43.88    0.00    0.00    0.00    0.00    0.00    0.00   51.02
18:22:12       8    3.06    0.00   42.86    0.00    0.00    0.00    0.00    0.00    0.00   54.08
18:22:12       9    2.04    0.00   37.76    0.00    0.00    0.00    0.00    0.00    0.00   60.20
18:22:12      10    5.15    0.00   46.39    0.00    0.00    0.00    0.00    0.00    0.00   48.45
18:22:12      11    3.03    0.00   41.41    0.00    0.00    0.00    0.00    0.00    0.00   55.56
18:22:12      12    5.10    0.00   43.88    0.00    0.00    0.00    0.00    0.00    0.00   51.02
18:22:12      13    3.03    0.00   48.48    0.00    0.00    0.00    0.00    0.00    0.00   48.48
18:22:12      14    3.03    0.00   42.42    0.00    0.00    0.00    0.00    0.00    0.00   54.55
18:22:12      15    6.00    0.00   48.00    0.00    0.00    0.00    0.00    0.00    0.00   46.00
18:22:12      16    5.05    0.00   38.38    0.00    0.00    0.00    0.00    0.00    0.00   56.57
18:22:12      17    7.92    0.00   42.57    0.00    0.00    0.00    0.00    0.00    0.00   49.50
18:22:12      18    5.10    0.00   47.96    0.00    0.00    0.00    0.00    0.00    0.00   46.94
18:22:12      19    5.10    0.00   45.92    0.00    0.00    0.00    0.00    0.00    0.00   48.98

Average:     CPU    %usr   %nice    %sys %iowait    %irq   %soft  %steal  %guest  %gnice   %idle
Average:     all    4.73    0.00   44.12    0.00    0.00    0.10    0.01    0.00    0.00   51.04
Average:       0    4.64    0.00   44.96    0.00    0.00    0.81    0.00    0.00    0.00   49.60
Average:       1    4.65    0.00   44.04    0.00    0.00    0.40    0.00    0.00    0.00   50.91
Average:       2    4.66    0.00   44.94    0.00    0.00    0.20    0.00    0.00    0.00   50.20
Average:       3    4.67    0.00   47.56    0.00    0.00    0.00    0.00    0.00    0.00   47.76
Average:       4    4.45    0.00   42.11    0.00    0.00    0.00    0.00    0.00    0.00   53.44
Average:       5    4.88    0.00   43.90    0.00    0.00    0.00    0.00    0.00    0.00   51.22
Average:       6    4.87    0.00   45.44    0.00    0.00    0.00    0.00    0.00    0.00   49.70
Average:       7    4.87    0.00   44.02    0.00    0.00    0.20    0.00    0.00    0.00   50.91
Average:       8    4.67    0.00   42.80    0.00    0.00    0.20    0.00    0.00    0.00   52.33
Average:       9    4.06    0.00   44.02    0.00    0.00    0.00    0.00    0.00    0.00   51.93
Average:      10    4.88    0.00   46.54    0.00    0.00    0.00    0.00    0.00    0.00   48.58
Average:      11    4.27    0.00   44.72    0.00    0.00    0.00    0.00    0.00    0.00   51.02
Average:      12    7.10    0.00   44.62    0.00    0.00    0.00    0.00    0.00    0.00   48.28
Average:      13    4.04    0.00   45.05    0.00    0.00    0.00    0.20    0.00    0.00   50.71
Average:      14    3.84    0.00   42.42    0.00    0.00    0.20    0.00    0.00    0.00   53.54
Average:      15    4.66    0.00   43.52    0.00    0.00    0.00    0.00    0.00    0.00   51.82
Average:      16    5.06    0.00   41.90    0.00    0.00    0.00    0.00    0.00    0.00   53.04
Average:      17    5.65    0.00   40.73    0.00    0.00    0.00    0.00    0.00    0.00   53.63
Average:      18    4.67    0.00   45.44    0.00    0.00    0.00    0.00    0.00    0.00   49.90
Average:      19    4.05    0.00   43.72    0.00    0.00    0.00    0.00    0.00    0.00   52.23
