Linux 6.8.0-138-generic (snapshots-gpu-mi300x1-192gb-devcloud-atl1) 	10/06/26 	_x86_64_	(20 CPU)

23:25:38     CPU    %usr   %nice    %sys %iowait    %irq   %soft  %steal  %guest  %gnice   %idle
23:25:39     all    4.27    0.00   42.99    0.00    0.00    0.60    0.00    0.00    0.00   52.14
23:25:39       0    3.92    0.00   40.20    0.00    0.00    2.94    0.00    0.00    0.00   52.94
23:25:39       1    5.88    0.00   41.18    0.00    0.00    3.92    0.00    0.00    0.00   49.02
23:25:39       2    2.97    0.00   41.58    0.00    0.00    2.97    0.00    0.00    0.00   52.48
23:25:39       3    5.00    0.00   40.00    0.00    0.00    2.00    0.00    0.00    0.00   53.00
23:25:39       4    4.04    0.00   44.44    0.00    0.00    0.00    0.00    0.00    0.00   51.52
23:25:39       5    4.12    0.00   46.39    0.00    0.00    0.00    0.00    0.00    0.00   49.48
23:25:39       6    4.04    0.00   45.45    0.00    0.00    0.00    0.00    0.00    0.00   50.51
23:25:39       7    5.94    0.00   42.57    0.00    0.00    0.00    0.00    0.00    0.00   51.49
23:25:39       8    3.03    0.00   41.41    0.00    0.00    0.00    0.00    0.00    0.00   55.56
23:25:39       9    6.00    0.00   43.00    0.00    0.00    0.00    0.00    0.00    0.00   51.00
23:25:39      10    6.00    0.00   50.00    0.00    0.00    0.00    0.00    0.00    0.00   44.00
23:25:39      11    3.03    0.00   39.39    0.00    0.00    0.00    0.00    0.00    0.00   57.58
23:25:39      12    5.10    0.00   46.94    0.00    0.00    0.00    0.00    0.00    0.00   47.96
23:25:39      13    4.00    0.00   41.00    0.00    0.00    0.00    0.00    0.00    0.00   55.00
23:25:39      14    2.00    0.00   34.00    0.00    0.00    0.00    0.00    0.00    0.00   64.00
23:25:39      15    3.09    0.00   48.45    0.00    0.00    0.00    0.00    0.00    0.00   48.45
23:25:39      16    3.03    0.00   46.46    0.00    0.00    0.00    0.00    0.00    0.00   50.51
23:25:39      17    4.04    0.00   43.43    0.00    0.00    0.00    0.00    0.00    0.00   52.53
23:25:39      18    7.00    0.00   42.00    0.00    0.00    0.00    0.00    0.00    0.00   51.00
23:25:39      19    3.09    0.00   42.27    0.00    0.00    0.00    0.00    0.00    0.00   54.64

23:25:39     CPU    %usr   %nice    %sys %iowait    %irq   %soft  %steal  %guest  %gnice   %idle
23:25:40     all    3.84    0.00   41.76    0.00    0.00    0.66    0.00    0.00    0.00   53.74
23:25:40       0    2.91    0.00   42.72    0.00    0.00    5.83    0.00    0.00    0.00   48.54
23:25:40       1    3.96    0.00   40.59    0.00    0.00    2.97    0.00    0.00    0.00   52.48
23:25:40       2    3.96    0.00   41.58    0.00    0.00    1.98    0.00    0.00    0.00   52.48
23:25:40       3    6.12    0.00   45.92    0.00    0.00    0.00    0.00    0.00    0.00   47.96
23:25:40       4    3.96    0.00   38.61    0.00    0.00    0.99    0.00    0.00    0.00   56.44
23:25:40       5    4.04    0.00   47.47    0.00    0.00    1.01    0.00    0.00    0.00   47.47
23:25:40       6    4.12    0.00   46.39    0.00    0.00    0.00    0.00    0.00    0.00   49.48
23:25:40       7    4.08    0.00   47.96    0.00    0.00    0.00    0.00    0.00    0.00   47.96
23:25:40       8    4.08    0.00   42.86    0.00    0.00    0.00    0.00    0.00    0.00   53.06
23:25:40       9    2.04    0.00   35.71    0.00    0.00    0.00    0.00    0.00    0.00   62.24
23:25:40      10    4.08    0.00   40.82    0.00    0.00    0.00    0.00    0.00    0.00   55.10
23:25:40      11    5.10    0.00   44.90    0.00    0.00    0.00    0.00    0.00    0.00   50.00
23:25:40      12    3.00    0.00   39.00    0.00    0.00    0.00    0.00    0.00    0.00   58.00
23:25:40      13    3.06    0.00   36.73    0.00    0.00    0.00    0.00    0.00    0.00   60.20
23:25:40      14    3.09    0.00   40.21    0.00    0.00    0.00    0.00    0.00    0.00   56.70
23:25:40      15    3.96    0.00   38.61    0.00    0.00    0.00    0.00    0.00    0.00   57.43
23:25:40      16    3.03    0.00   40.40    0.00    0.00    0.00    0.00    0.00    0.00   56.57
23:25:40      17    3.09    0.00   40.21    0.00    0.00    0.00    0.00    0.00    0.00   56.70
23:25:40      18    4.12    0.00   46.39    0.00    0.00    0.00    0.00    0.00    0.00   49.48
23:25:40      19    5.05    0.00   38.38    0.00    0.00    0.00    0.00    0.00    0.00   56.57

23:25:40     CPU    %usr   %nice    %sys %iowait    %irq   %soft  %steal  %guest  %gnice   %idle
23:25:41     all    4.24    0.00   42.99    0.00    0.00    0.50    0.00    0.00    0.00   52.27
23:25:41       0    3.96    0.00   46.53    0.00    0.00    3.96    0.00    0.00    0.00   45.54
23:25:41       1    4.95    0.00   45.54    0.00    0.00    2.97    0.00    0.00    0.00   46.53
23:25:41       2    6.00    0.00   45.00    0.00    0.00    2.00    0.00    0.00    0.00   47.00
23:25:41       3    5.00    0.00   51.00    0.00    0.00    1.00    0.00    0.00    0.00   43.00
23:25:41       4    2.04    0.00   38.78    0.00    0.00    0.00    0.00    0.00    0.00   59.18
23:25:41       5    3.03    0.00   38.38    0.00    0.00    0.00    0.00    0.00    0.00   58.59
23:25:41       6    4.04    0.00   43.43    0.00    0.00    0.00    0.00    0.00    0.00   52.53
23:25:41       7    4.00    0.00   39.00    0.00    0.00    0.00    0.00    0.00    0.00   57.00
23:25:41       8    3.00    0.00   44.00    0.00    0.00    0.00    0.00    0.00    0.00   53.00
23:25:41       9    5.05    0.00   45.45    0.00    0.00    0.00    0.00    0.00    0.00   49.49
23:25:41      10    5.05    0.00   41.41    0.00    0.00    0.00    0.00    0.00    0.00   53.54
23:25:41      11    6.93    0.00   48.51    0.00    0.00    0.00    0.00    0.00    0.00   44.55
23:25:41      12    2.04    0.00   42.86    0.00    0.00    0.00    0.00    0.00    0.00   55.10
23:25:41      13    6.12    0.00   43.88    0.00    0.00    0.00    0.00    0.00    0.00   50.00
23:25:41      14    5.05    0.00   37.37    0.00    0.00    0.00    0.00    0.00    0.00   57.58
23:25:41      15    2.06    0.00   39.18    0.00    0.00    0.00    0.00    0.00    0.00   58.76
23:25:41      16    4.08    0.00   45.92    0.00    0.00    0.00    0.00    0.00    0.00   50.00
23:25:41      17    5.05    0.00   39.39    0.00    0.00    0.00    0.00    0.00    0.00   55.56
23:25:41      18    4.08    0.00   46.94    0.00    0.00    0.00    0.00    0.00    0.00   48.98
23:25:41      19    3.06    0.00   36.73    0.00    0.00    0.00    0.00    0.00    0.00   60.20

23:25:41     CPU    %usr   %nice    %sys %iowait    %irq   %soft  %steal  %guest  %gnice   %idle
23:25:42     all    3.88    0.00   42.97    0.00    0.00    0.71    0.00    0.00    0.00   52.44
23:25:42       0    4.76    0.00   43.81    0.00    0.00    6.67    0.00    0.00    0.00   44.76
23:25:42       1    6.86    0.00   45.10    0.00    0.00    1.96    0.00    0.00    0.00   46.08
23:25:42       2    3.00    0.00   40.00    0.00    0.00    2.00    0.00    0.00    0.00   55.00
23:25:42       3    3.00    0.00   48.00    0.00    0.00    1.00    0.00    0.00    0.00   48.00
23:25:42       4    5.05    0.00   38.38    0.00    0.00    1.01    0.00    0.00    0.00   55.56
23:25:42       5    3.03    0.00   46.46    0.00    0.00    0.00    0.00    0.00    0.00   50.51
23:25:42       6    3.06    0.00   45.92    0.00    0.00    0.00    0.00    0.00    0.00   51.02
23:25:42       7    3.06    0.00   44.90    0.00    0.00    0.00    0.00    0.00    0.00   52.04
23:25:42       8    5.05    0.00   44.44    0.00    0.00    0.00    0.00    0.00    0.00   50.51
23:25:42       9    4.04    0.00   41.41    0.00    0.00    0.00    0.00    0.00    0.00   54.55
23:25:42      10    4.08    0.00   46.94    0.00    0.00    0.00    0.00    0.00    0.00   48.98
23:25:42      11    2.04    0.00   36.73    0.00    0.00    0.00    0.00    0.00    0.00   61.22
23:25:42      12    4.04    0.00   43.43    0.00    0.00    0.00    0.00    0.00    0.00   52.53
23:25:42      13    7.00    0.00   46.00    0.00    0.00    0.00    0.00    0.00    0.00   47.00
23:25:42      14    2.04    0.00   40.82    0.00    0.00    0.00    0.00    0.00    0.00   57.14
23:25:42      15    5.10    0.00   40.82    0.00    0.00    0.00    0.00    0.00    0.00   54.08
23:25:42      16    3.03    0.00   36.36    0.00    0.00    1.01    0.00    0.00    0.00   59.60
23:25:42      17    3.03    0.00   46.46    0.00    0.00    0.00    0.00    0.00    0.00   50.51
23:25:42      18    3.03    0.00   40.40    0.00    0.00    0.00    0.00    0.00    0.00   56.57
23:25:42      19    3.06    0.00   42.86    0.00    0.00    0.00    0.00    0.00    0.00   54.08

23:25:42     CPU    %usr   %nice    %sys %iowait    %irq   %soft  %steal  %guest  %gnice   %idle
23:25:43     all    4.07    0.00   44.17    0.00    0.00    0.55    0.05    0.00    0.00   51.16
23:25:43       0    2.91    0.00   40.78    0.00    0.00    3.88    0.00    0.00    0.00   52.43
23:25:43       1    4.00    0.00   45.00    0.00    0.00    3.00    0.00    0.00    0.00   48.00
23:25:43       2    5.00    0.00   46.00    0.00    0.00    1.00    0.00    0.00    0.00   48.00
23:25:43       3    4.04    0.00   45.45    0.00    0.00    0.00    0.00    0.00    0.00   50.51
23:25:43       4    4.00    0.00   45.00    0.00    0.00    1.00    0.00    0.00    0.00   50.00
23:25:43       5    1.00    0.00   37.00    0.00    0.00    1.00    0.00    0.00    0.00   61.00
23:25:43       6    3.03    0.00   42.42    0.00    0.00    0.00    0.00    0.00    0.00   54.55
23:25:43       7    4.00    0.00   40.00    0.00    0.00    0.00    0.00    0.00    0.00   56.00
23:25:43       8    4.04    0.00   45.45    0.00    0.00    0.00    0.00    0.00    0.00   50.51
23:25:43       9    6.12    0.00   48.98    0.00    0.00    0.00    0.00    0.00    0.00   44.90
23:25:43      10    3.96    0.00   48.51    0.00    0.00    0.99    0.00    0.00    0.00   46.53
23:25:43      11    4.04    0.00   42.42    0.00    0.00    0.00    1.01    0.00    0.00   52.53
23:25:43      12    3.03    0.00   51.52    0.00    0.00    0.00    0.00    0.00    0.00   45.45
23:25:43      13    4.04    0.00   44.44    0.00    0.00    0.00    0.00    0.00    0.00   51.52
23:25:43      14    3.00    0.00   40.00    0.00    0.00    0.00    0.00    0.00    0.00   57.00
23:25:43      15    6.06    0.00   41.41    0.00    0.00    0.00    0.00    0.00    0.00   52.53
23:25:43      16    4.04    0.00   43.43    0.00    0.00    0.00    0.00    0.00    0.00   52.53
23:25:43      17    6.00    0.00   44.00    0.00    0.00    0.00    0.00    0.00    0.00   50.00
23:25:43      18    4.12    0.00   42.27    0.00    0.00    0.00    0.00    0.00    0.00   53.61
23:25:43      19    5.05    0.00   49.49    0.00    0.00    0.00    0.00    0.00    0.00   45.45

23:25:43     CPU    %usr   %nice    %sys %iowait    %irq   %soft  %steal  %guest  %gnice   %idle
23:25:44     all    4.31    0.00   43.23    0.00    0.00    0.70    0.00    0.00    0.00   51.76
23:25:44       0    4.81    0.00   41.35    0.00    0.00    4.81    0.00    0.00    0.00   49.04
23:25:44       1    4.90    0.00   45.10    0.00    0.00    2.94    0.00    0.00    0.00   47.06
23:25:44       2    4.04    0.00   50.51    0.00    0.00    1.01    0.00    0.00    0.00   44.44
23:25:44       3    5.00    0.00   43.00    0.00    0.00    1.00    0.00    0.00    0.00   51.00
23:25:44       4    5.00    0.00   48.00    0.00    0.00    1.00    0.00    0.00    0.00   46.00
23:25:44       5    4.95    0.00   37.62    0.00    0.00    0.99    0.00    0.00    0.00   56.44
23:25:44       6    4.00    0.00   41.00    0.00    0.00    1.00    0.00    0.00    0.00   54.00
23:25:44       7    4.04    0.00   43.43    0.00    0.00    1.01    0.00    0.00    0.00   51.52
23:25:44       8    4.00    0.00   36.00    0.00    0.00    0.00    0.00    0.00    0.00   60.00
23:25:44       9    4.04    0.00   45.45    0.00    0.00    0.00    0.00    0.00    0.00   50.51
23:25:44      10    3.06    0.00   42.86    0.00    0.00    0.00    0.00    0.00    0.00   54.08
23:25:44      11    5.00    0.00   36.00    0.00    0.00    0.00    0.00    0.00    0.00   59.00
23:25:44      12    4.95    0.00   49.50    0.00    0.00    0.00    0.00    0.00    0.00   45.54
23:25:44      13    5.10    0.00   44.90    0.00    0.00    0.00    0.00    0.00    0.00   50.00
23:25:44      14    4.04    0.00   41.41    0.00    0.00    0.00    0.00    0.00    0.00   54.55
23:25:44      15    3.00    0.00   37.00    0.00    0.00    0.00    0.00    0.00    0.00   60.00
23:25:44      16    4.08    0.00   47.96    0.00    0.00    0.00    0.00    0.00    0.00   47.96
23:25:44      17    4.08    0.00   44.90    0.00    0.00    0.00    0.00    0.00    0.00   51.02
23:25:44      18    5.00    0.00   42.00    0.00    0.00    0.00    0.00    0.00    0.00   53.00
23:25:44      19    3.06    0.00   46.94    0.00    0.00    0.00    0.00    0.00    0.00   50.00

23:25:44     CPU    %usr   %nice    %sys %iowait    %irq   %soft  %steal  %guest  %gnice   %idle
23:25:45     all    4.19    0.00   43.56    0.00    0.00    0.45    0.00    0.00    0.00   51.79
23:25:45       0    4.90    0.00   38.24    0.00    0.00    3.92    0.00    0.00    0.00   52.94
23:25:45       1    1.98    0.00   41.58    0.00    0.00    2.97    0.00    0.00    0.00   53.47
23:25:45       2    4.00    0.00   42.00    0.00    0.00    1.00    0.00    0.00    0.00   53.00
23:25:45       3    4.04    0.00   43.43    0.00    0.00    1.01    0.00    0.00    0.00   51.52
23:25:45       4    2.02    0.00   39.39    0.00    0.00    0.00    0.00    0.00    0.00   58.59
23:25:45       5    3.09    0.00   39.18    0.00    0.00    0.00    0.00    0.00    0.00   57.73
23:25:45       6    6.06    0.00   46.46    0.00    0.00    0.00    0.00    0.00    0.00   47.47
23:25:45       7    4.12    0.00   50.52    0.00    0.00    0.00    0.00    0.00    0.00   45.36
23:25:45       8    5.05    0.00   41.41    0.00    0.00    0.00    0.00    0.00    0.00   53.54
23:25:45       9    4.04    0.00   43.43    0.00    0.00    0.00    0.00    0.00    0.00   52.53
23:25:45      10    4.04    0.00   50.51    0.00    0.00    0.00    0.00    0.00    0.00   45.45
23:25:45      11    3.06    0.00   40.82    0.00    0.00    0.00    0.00    0.00    0.00   56.12
23:25:45      12    3.06    0.00   35.71    0.00    0.00    0.00    0.00    0.00    0.00   61.22
23:25:45      13    6.06    0.00   45.45    0.00    0.00    0.00    0.00    0.00    0.00   48.48
23:25:45      14    4.04    0.00   44.44    0.00    0.00    0.00    0.00    0.00    0.00   51.52
23:25:45      15    4.04    0.00   42.42    0.00    0.00    0.00    0.00    0.00    0.00   53.54
23:25:45      16    5.00    0.00   51.00    0.00    0.00    0.00    0.00    0.00    0.00   44.00
23:25:45      17    4.00    0.00   42.00    0.00    0.00    0.00    0.00    0.00    0.00   54.00
23:25:45      18    6.12    0.00   44.90    0.00    0.00    0.00    0.00    0.00    0.00   48.98
23:25:45      19    5.05    0.00   48.48    0.00    0.00    0.00    0.00    0.00    0.00   46.46

23:25:45     CPU    %usr   %nice    %sys %iowait    %irq   %soft  %steal  %guest  %gnice   %idle
23:25:46     all    3.98    0.00   43.22    0.00    0.00    0.60    0.00    0.00    0.00   52.19
23:25:46       0    4.81    0.00   42.31    0.00    0.00    3.85    0.00    0.00    0.00   49.04
23:25:46       1    2.88    0.00   39.42    0.00    0.00    3.85    0.00    0.00    0.00   53.85
23:25:46       2    1.98    0.00   41.58    0.00    0.00    1.98    0.00    0.00    0.00   54.46
23:25:46       3    6.06    0.00   47.47    0.00    0.00    1.01    0.00    0.00    0.00   45.45
23:25:46       4    5.05    0.00   46.46    0.00    0.00    0.00    0.00    0.00    0.00   48.48
23:25:46       5    4.00    0.00   41.00    0.00    0.00    1.00    0.00    0.00    0.00   54.00
23:25:46       6    6.19    0.00   49.48    0.00    0.00    0.00    0.00    0.00    0.00   44.33
23:25:46       7    2.00    0.00   35.00    0.00    0.00    0.00    0.00    0.00    0.00   63.00
23:25:46       8    4.08    0.00   42.86    0.00    0.00    0.00    0.00    0.00    0.00   53.06
23:25:46       9    5.10    0.00   43.88    0.00    0.00    0.00    0.00    0.00    0.00   51.02
23:25:46      10    2.04    0.00   47.96    0.00    0.00    0.00    0.00    0.00    0.00   50.00
23:25:46      11    5.00    0.00   38.00    0.00    0.00    0.00    0.00    0.00    0.00   57.00
23:25:46      12    4.08    0.00   52.04    0.00    0.00    0.00    0.00    0.00    0.00   43.88
23:25:46      13    4.00    0.00   43.00    0.00    0.00    0.00    0.00    0.00    0.00   53.00
23:25:46      14    4.04    0.00   43.43    0.00    0.00    0.00    0.00    0.00    0.00   52.53
23:25:46      15    5.10    0.00   38.78    0.00    0.00    0.00    0.00    0.00    0.00   56.12
23:25:46      16    2.02    0.00   33.33    0.00    0.00    0.00    0.00    0.00    0.00   64.65
23:25:46      17    4.12    0.00   46.39    0.00    0.00    0.00    0.00    0.00    0.00   49.48
23:25:46      18    4.08    0.00   47.96    0.00    0.00    0.00    0.00    0.00    0.00   47.96
23:25:46      19    3.06    0.00   44.90    0.00    0.00    0.00    0.00    0.00    0.00   52.04

23:25:46     CPU    %usr   %nice    %sys %iowait    %irq   %soft  %steal  %guest  %gnice   %idle
23:25:47     all    4.48    0.00   44.37    0.00    0.00    0.65    0.00    0.00    0.00   50.50
23:25:47       0    2.88    0.00   46.15    0.00    0.00    6.73    0.00    0.00    0.00   44.23
23:25:47       1    2.97    0.00   31.68    0.00    0.00    2.97    0.00    0.00    0.00   62.38
23:25:47       2    3.03    0.00   47.47    0.00    0.00    1.01    0.00    0.00    0.00   48.48
23:25:47       3    6.06    0.00   49.49    0.00    0.00    1.01    0.00    0.00    0.00   43.43
23:25:47       4    5.00    0.00   49.00    0.00    0.00    1.00    0.00    0.00    0.00   45.00
23:25:47       5    4.00    0.00   46.00    0.00    0.00    0.00    0.00    0.00    0.00   50.00
23:25:47       6    4.00    0.00   50.00    0.00    0.00    0.00    0.00    0.00    0.00   46.00
23:25:47       7    3.06    0.00   44.90    0.00    0.00    0.00    0.00    0.00    0.00   52.04
23:25:47       8    5.05    0.00   43.43    0.00    0.00    0.00    0.00    0.00    0.00   51.52
23:25:47       9    4.08    0.00   43.88    0.00    0.00    0.00    0.00    0.00    0.00   52.04
23:25:47      10    4.04    0.00   32.32    0.00    0.00    0.00    0.00    0.00    0.00   63.64
23:25:47      11    4.08    0.00   40.82    0.00    0.00    0.00    0.00    0.00    0.00   55.10
23:25:47      12    5.05    0.00   43.43    0.00    0.00    0.00    0.00    0.00    0.00   51.52
23:25:47      13    5.05    0.00   49.49    0.00    0.00    0.00    0.00    0.00    0.00   45.45
23:25:47      14    6.06    0.00   43.43    0.00    0.00    0.00    0.00    0.00    0.00   50.51
23:25:47      15    5.05    0.00   45.45    0.00    0.00    0.00    0.00    0.00    0.00   49.49
23:25:47      16    6.06    0.00   50.51    0.00    0.00    0.00    0.00    0.00    0.00   43.43
23:25:47      17    6.06    0.00   40.40    0.00    0.00    0.00    0.00    0.00    0.00   53.54
23:25:47      18    4.00    0.00   49.00    0.00    0.00    0.00    0.00    0.00    0.00   47.00
23:25:47      19    4.04    0.00   40.40    0.00    0.00    0.00    0.00    0.00    0.00   55.56

23:25:47     CPU    %usr   %nice    %sys %iowait    %irq   %soft  %steal  %guest  %gnice   %idle
23:25:48     all    3.74    0.00   44.06    0.00    0.00    0.51    0.00    0.00    0.00   51.69
23:25:48       0    2.94    0.00   45.10    0.00    0.00    4.90    0.00    0.00    0.00   47.06
23:25:48       1    3.00    0.00   48.00    0.00    0.00    2.00    0.00    0.00    0.00   47.00
23:25:48       2    3.00    0.00   45.00    0.00    0.00    1.00    0.00    0.00    0.00   51.00
23:25:48       3    5.00    0.00   45.00    0.00    0.00    1.00    0.00    0.00    0.00   49.00
23:25:48       4    6.19    0.00   47.42    0.00    0.00    0.00    0.00    0.00    0.00   46.39
23:25:48       5    4.04    0.00   41.41    0.00    0.00    1.01    0.00    0.00    0.00   53.54
23:25:48       6    3.06    0.00   40.82    0.00    0.00    0.00    0.00    0.00    0.00   56.12
23:25:48       7    4.04    0.00   35.35    0.00    0.00    0.00    0.00    0.00    0.00   60.61
23:25:48       8    4.04    0.00   42.42    0.00    0.00    0.00    0.00    0.00    0.00   53.54
23:25:48       9    2.02    0.00   43.43    0.00    0.00    0.00    0.00    0.00    0.00   54.55
23:25:48      10    4.04    0.00   42.42    0.00    0.00    0.00    0.00    0.00    0.00   53.54
23:25:48      11    4.08    0.00   54.08    0.00    0.00    0.00    0.00    0.00    0.00   41.84
23:25:48      12    3.06    0.00   45.92    0.00    0.00    0.00    0.00    0.00    0.00   51.02
23:25:48      13    4.08    0.00   40.82    0.00    0.00    0.00    0.00    0.00    0.00   55.10
23:25:48      14    3.03    0.00   41.41    0.00    0.00    0.00    0.00    0.00    0.00   55.56
23:25:48      15    3.06    0.00   38.78    0.00    0.00    0.00    0.00    0.00    0.00   58.16
23:25:48      16    4.08    0.00   52.04    0.00    0.00    0.00    0.00    0.00    0.00   43.88
23:25:48      17    5.05    0.00   48.48    0.00    0.00    0.00    0.00    0.00    0.00   46.46
23:25:48      18    5.05    0.00   45.45    0.00    0.00    0.00    0.00    0.00    0.00   49.49
23:25:48      19    2.04    0.00   37.76    0.00    0.00    0.00    0.00    0.00    0.00   60.20

Average:     CPU    %usr   %nice    %sys %iowait    %irq   %soft  %steal  %guest  %gnice   %idle
Average:     all    4.10    0.00   43.33    0.00    0.00    0.59    0.01    0.00    0.00   51.97
Average:       0    3.88    0.00   42.72    0.00    0.00    4.76    0.00    0.00    0.00   48.64
Average:       1    4.14    0.00   42.31    0.00    0.00    2.96    0.00    0.00    0.00   50.59
Average:       2    3.70    0.00   44.06    0.00    0.00    1.60    0.00    0.00    0.00   50.65
Average:       3    4.93    0.00   45.88    0.00    0.00    0.91    0.00    0.00    0.00   48.29
Average:       4    4.23    0.00   43.55    0.00    0.00    0.50    0.00    0.00    0.00   51.71
Average:       5    3.53    0.00   42.08    0.00    0.00    0.50    0.00    0.00    0.00   53.88
Average:       6    4.16    0.00   45.13    0.00    0.00    0.10    0.00    0.00    0.00   50.61
Average:       7    3.84    0.00   42.32    0.00    0.00    0.10    0.00    0.00    0.00   53.74
Average:       8    4.14    0.00   42.42    0.00    0.00    0.00    0.00    0.00    0.00   53.43
Average:       9    4.26    0.00   43.47    0.00    0.00    0.00    0.00    0.00    0.00   52.28
Average:      10    4.04    0.00   44.39    0.00    0.00    0.10    0.00    0.00    0.00   51.47
Average:      11    4.25    0.00   42.16    0.00    0.00    0.00    0.10    0.00    0.00   53.49
Average:      12    3.74    0.00   45.04    0.00    0.00    0.00    0.00    0.00    0.00   51.21
Average:      13    4.85    0.00   43.58    0.00    0.00    0.00    0.00    0.00    0.00   51.57
Average:      14    3.64    0.00   40.65    0.00    0.00    0.00    0.00    0.00    0.00   55.71
Average:      15    4.06    0.00   41.08    0.00    0.00    0.00    0.00    0.00    0.00   54.87
Average:      16    3.85    0.00   44.74    0.00    0.00    0.10    0.00    0.00    0.00   51.32
Average:      17    4.46    0.00   43.57    0.00    0.00    0.00    0.00    0.00    0.00   51.98
Average:      18    4.67    0.00   44.73    0.00    0.00    0.00    0.00    0.00    0.00   50.61
Average:      19    3.66    0.00   42.83    0.00    0.00    0.00    0.00    0.00    0.00   53.51
