Linux 6.8.0-138-generic (snapshots-gpu-mi300x1-192gb-devcloud-atl1) 	10/06/26 	_x86_64_	(20 CPU)

23:16:51     CPU    %usr   %nice    %sys %iowait    %irq   %soft  %steal  %guest  %gnice   %idle
23:16:52     all    2.94    0.00   36.23    0.00    0.00    0.40    0.05    0.00    0.00   60.37
23:16:52       0    1.94    0.00   32.04    0.00    0.00    3.88    0.00    0.00    0.00   62.14
23:16:52       1    3.00    0.00   40.00    0.00    0.00    2.00    0.00    0.00    0.00   55.00
23:16:52       2    2.00    0.00   34.00    0.00    0.00    1.00    0.00    0.00    0.00   63.00
23:16:52       3    2.02    0.00   32.32    0.00    0.00    1.01    0.00    0.00    0.00   64.65
23:16:52       4    5.05    0.00   42.42    0.00    0.00    0.00    0.00    0.00    0.00   52.53
23:16:52       5    2.04    0.00   34.69    0.00    0.00    0.00    0.00    0.00    0.00   63.27
23:16:52       6    3.00    0.00   30.00    0.00    0.00    0.00    0.00    0.00    0.00   67.00
23:16:52       7    4.04    0.00   44.44    0.00    0.00    0.00    1.01    0.00    0.00   50.51
23:16:52       8    4.04    0.00   42.42    0.00    0.00    0.00    0.00    0.00    0.00   53.54
23:16:52       9    2.04    0.00   30.61    0.00    0.00    0.00    0.00    0.00    0.00   67.35
23:16:52      10    1.02    0.00   32.65    0.00    0.00    0.00    0.00    0.00    0.00   66.33
23:16:52      11    3.06    0.00   34.69    0.00    0.00    0.00    0.00    0.00    0.00   62.24
23:16:52      12    4.08    0.00   37.76    0.00    0.00    0.00    0.00    0.00    0.00   58.16
23:16:52      13    4.12    0.00   42.27    0.00    0.00    0.00    0.00    0.00    0.00   53.61
23:16:52      14    2.04    0.00   30.61    0.00    0.00    0.00    0.00    0.00    0.00   67.35
23:16:52      15    4.04    0.00   39.39    0.00    0.00    0.00    0.00    0.00    0.00   56.57
23:16:52      16    3.03    0.00   35.35    0.00    0.00    0.00    0.00    0.00    0.00   61.62
23:16:52      17    3.09    0.00   32.99    0.00    0.00    0.00    0.00    0.00    0.00   63.92
23:16:52      18    3.06    0.00   37.76    0.00    0.00    0.00    0.00    0.00    0.00   59.18
23:16:52      19    2.02    0.00   38.38    0.00    0.00    0.00    0.00    0.00    0.00   59.60

23:16:52     CPU    %usr   %nice    %sys %iowait    %irq   %soft  %steal  %guest  %gnice   %idle
23:16:53     all    3.32    0.00   37.71    0.00    0.00    0.35    0.00    0.00    0.00   58.62
23:16:53       0    2.94    0.00   40.20    0.00    0.00    2.94    0.00    0.00    0.00   53.92
23:16:53       1    1.98    0.00   33.66    0.00    0.00    1.98    0.00    0.00    0.00   62.38
23:16:53       2    4.95    0.00   41.58    0.00    0.00    0.99    0.00    0.00    0.00   52.48
23:16:53       3    4.08    0.00   34.69    0.00    0.00    0.00    0.00    0.00    0.00   61.22
23:16:53       4    2.04    0.00   37.76    0.00    0.00    1.02    0.00    0.00    0.00   59.18
23:16:53       5    2.02    0.00   33.33    0.00    0.00    0.00    0.00    0.00    0.00   64.65
23:16:53       6    3.03    0.00   37.37    0.00    0.00    0.00    0.00    0.00    0.00   59.60
23:16:53       7    3.03    0.00   38.38    0.00    0.00    0.00    0.00    0.00    0.00   58.59
23:16:53       8    3.06    0.00   35.71    0.00    0.00    0.00    0.00    0.00    0.00   61.22
23:16:53       9    4.00    0.00   41.00    0.00    0.00    0.00    0.00    0.00    0.00   55.00
23:16:53      10    5.10    0.00   44.90    0.00    0.00    0.00    0.00    0.00    0.00   50.00
23:16:53      11    4.00    0.00   43.00    0.00    0.00    0.00    0.00    0.00    0.00   53.00
23:16:53      12    4.00    0.00   39.00    0.00    0.00    0.00    0.00    0.00    0.00   57.00
23:16:53      13    5.05    0.00   39.39    0.00    0.00    0.00    0.00    0.00    0.00   55.56
23:16:53      14    4.00    0.00   33.00    0.00    0.00    0.00    0.00    0.00    0.00   63.00
23:16:53      15    3.03    0.00   37.37    0.00    0.00    0.00    0.00    0.00    0.00   59.60
23:16:53      16    3.03    0.00   37.37    0.00    0.00    0.00    0.00    0.00    0.00   59.60
23:16:53      17    2.00    0.00   36.00    0.00    0.00    0.00    0.00    0.00    0.00   62.00
23:16:53      18    2.00    0.00   32.00    0.00    0.00    0.00    0.00    0.00    0.00   66.00
23:16:53      19    3.03    0.00   38.38    0.00    0.00    0.00    0.00    0.00    0.00   58.59

23:16:53     CPU    %usr   %nice    %sys %iowait    %irq   %soft  %steal  %guest  %gnice   %idle
23:16:54     all    3.47    0.00   38.92    0.00    0.00    0.70    0.00    0.00    0.00   56.90
23:16:54       0    3.81    0.00   38.10    0.00    0.00    6.67    0.00    0.00    0.00   51.43
23:16:54       1    4.00    0.00   41.00    0.00    0.00    2.00    0.00    0.00    0.00   53.00
23:16:54       2    3.03    0.00   39.39    0.00    0.00    1.01    0.00    0.00    0.00   56.57
23:16:54       3    4.00    0.00   40.00    0.00    0.00    1.00    0.00    0.00    0.00   55.00
23:16:54       4    3.00    0.00   33.00    0.00    0.00    0.00    0.00    0.00    0.00   64.00
23:16:54       5    3.96    0.00   40.59    0.00    0.00    0.99    0.00    0.00    0.00   54.46
23:16:54       6    2.04    0.00   35.71    0.00    0.00    0.00    0.00    0.00    0.00   62.24
23:16:54       7    2.02    0.00   32.32    0.00    0.00    0.00    0.00    0.00    0.00   65.66
23:16:54       8    3.00    0.00   44.00    0.00    0.00    0.00    0.00    0.00    0.00   53.00
23:16:54       9    4.08    0.00   41.84    0.00    0.00    0.00    0.00    0.00    0.00   54.08
23:16:54      10    2.00    0.00   29.00    0.00    0.00    0.00    0.00    0.00    0.00   69.00
23:16:54      11    4.04    0.00   37.37    0.00    0.00    1.01    0.00    0.00    0.00   57.58
23:16:54      12    5.10    0.00   43.88    0.00    0.00    0.00    0.00    0.00    0.00   51.02
23:16:54      13    4.04    0.00   45.45    0.00    0.00    0.00    0.00    0.00    0.00   50.51
23:16:54      14    3.03    0.00   42.42    0.00    0.00    0.00    0.00    0.00    0.00   54.55
23:16:54      15    6.06    0.00   42.42    0.00    0.00    0.00    0.00    0.00    0.00   51.52
23:16:54      16    3.03    0.00   36.36    0.00    0.00    0.00    0.00    0.00    0.00   60.61
23:16:54      17    4.08    0.00   40.82    0.00    0.00    0.00    0.00    0.00    0.00   55.10
23:16:54      18    2.04    0.00   28.57    0.00    0.00    0.00    0.00    0.00    0.00   69.39
23:16:54      19    3.09    0.00   46.39    0.00    0.00    1.03    0.00    0.00    0.00   49.48

23:16:54     CPU    %usr   %nice    %sys %iowait    %irq   %soft  %steal  %guest  %gnice   %idle
23:16:55     all    2.93    0.00   39.23    0.00    0.00    0.46    0.00    0.00    0.00   57.38
23:16:55       0    2.91    0.00   38.83    0.00    0.00    4.85    0.00    0.00    0.00   53.40
23:16:55       1    3.03    0.00   46.46    0.00    0.00    2.02    0.00    0.00    0.00   48.48
23:16:55       2    4.04    0.00   44.44    0.00    0.00    0.00    0.00    0.00    0.00   51.52
23:16:55       3    4.04    0.00   44.44    0.00    0.00    1.01    0.00    0.00    0.00   50.51
23:16:55       4    3.03    0.00   37.37    0.00    0.00    1.01    0.00    0.00    0.00   58.59
23:16:55       5    2.02    0.00   37.37    0.00    0.00    0.00    0.00    0.00    0.00   60.61
23:16:55       6    3.06    0.00   42.86    0.00    0.00    0.00    0.00    0.00    0.00   54.08
23:16:55       7    2.04    0.00   41.84    0.00    0.00    0.00    0.00    0.00    0.00   56.12
23:16:55       8    2.04    0.00   34.69    0.00    0.00    0.00    0.00    0.00    0.00   63.27
23:16:55       9    4.04    0.00   39.39    0.00    0.00    0.00    0.00    0.00    0.00   56.57
23:16:55      10    2.02    0.00   31.31    0.00    0.00    0.00    0.00    0.00    0.00   66.67
23:16:55      11    5.05    0.00   38.38    0.00    0.00    0.00    0.00    0.00    0.00   56.57
23:16:55      12    1.02    0.00   39.80    0.00    0.00    0.00    0.00    0.00    0.00   59.18
23:16:55      13    4.04    0.00   40.40    0.00    0.00    0.00    0.00    0.00    0.00   55.56
23:16:55      14    3.06    0.00   38.78    0.00    0.00    0.00    0.00    0.00    0.00   58.16
23:16:55      15    3.03    0.00   41.41    0.00    0.00    0.00    0.00    0.00    0.00   55.56
23:16:55      16    3.03    0.00   34.34    0.00    0.00    0.00    0.00    0.00    0.00   62.63
23:16:55      17    2.02    0.00   40.40    0.00    0.00    0.00    0.00    0.00    0.00   57.58
23:16:55      18    2.04    0.00   32.65    0.00    0.00    0.00    0.00    0.00    0.00   65.31
23:16:55      19    3.03    0.00   39.39    0.00    0.00    0.00    0.00    0.00    0.00   57.58

23:16:55     CPU    %usr   %nice    %sys %iowait    %irq   %soft  %steal  %guest  %gnice   %idle
23:16:56     all    3.08    0.00   36.99    0.00    0.00    0.45    0.05    0.00    0.00   59.42
23:16:56       0    1.92    0.00   36.54    0.00    0.00    5.77    0.00    0.00    0.00   55.77
23:16:56       1    3.00    0.00   40.00    0.00    0.00    2.00    0.00    0.00    0.00   55.00
23:16:56       2    3.03    0.00   37.37    0.00    0.00    1.01    0.00    0.00    0.00   58.59
23:16:56       3    2.04    0.00   39.80    0.00    0.00    0.00    0.00    0.00    0.00   58.16
23:16:56       4    3.06    0.00   38.78    0.00    0.00    0.00    0.00    0.00    0.00   58.16
23:16:56       5    3.06    0.00   41.84    0.00    0.00    0.00    0.00    0.00    0.00   55.10
23:16:56       6    4.00    0.00   37.00    0.00    0.00    0.00    0.00    0.00    0.00   59.00
23:16:56       7    3.06    0.00   38.78    0.00    0.00    0.00    0.00    0.00    0.00   58.16
23:16:56       8    3.06    0.00   29.59    0.00    0.00    0.00    0.00    0.00    0.00   67.35
23:16:56       9    3.06    0.00   32.65    0.00    0.00    0.00    0.00    0.00    0.00   64.29
23:16:56      10    2.00    0.00   40.00    0.00    0.00    0.00    0.00    0.00    0.00   58.00
23:16:56      11    3.06    0.00   40.82    0.00    0.00    0.00    0.00    0.00    0.00   56.12
23:16:56      12    4.04    0.00   40.40    0.00    0.00    0.00    0.00    0.00    0.00   55.56
23:16:56      13    3.03    0.00   34.34    0.00    0.00    0.00    0.00    0.00    0.00   62.63
23:16:56      14    4.04    0.00   39.39    0.00    0.00    0.00    0.00    0.00    0.00   56.57
23:16:56      15    4.08    0.00   36.73    0.00    0.00    0.00    0.00    0.00    0.00   59.18
23:16:56      16    3.09    0.00   36.08    0.00    0.00    0.00    0.00    0.00    0.00   60.82
23:16:56      17    3.03    0.00   35.35    0.00    0.00    0.00    1.01    0.00    0.00   60.61
23:16:56      18    3.03    0.00   31.31    0.00    0.00    0.00    0.00    0.00    0.00   65.66
23:16:56      19    3.00    0.00   33.00    0.00    0.00    0.00    0.00    0.00    0.00   64.00

23:16:56     CPU    %usr   %nice    %sys %iowait    %irq   %soft  %steal  %guest  %gnice   %idle
23:16:57     all    2.63    0.00   39.04    0.00    0.00    0.51    0.00    0.00    0.00   57.82
23:16:57       0    2.97    0.00   37.62    0.00    0.00    1.98    0.00    0.00    0.00   57.43
23:16:57       1    3.00    0.00   37.00    0.00    0.00    2.00    0.00    0.00    0.00   58.00
23:16:57       2    3.96    0.00   34.65    0.00    0.00    1.98    0.00    0.00    0.00   59.41
23:16:57       3    4.00    0.00   46.00    0.00    0.00    1.00    0.00    0.00    0.00   49.00
23:16:57       4    2.97    0.00   36.63    0.00    0.00    0.99    0.00    0.00    0.00   59.41
23:16:57       5    3.06    0.00   44.90    0.00    0.00    0.00    0.00    0.00    0.00   52.04
23:16:57       6    2.06    0.00   42.27    0.00    0.00    1.03    0.00    0.00    0.00   54.64
23:16:57       7    3.00    0.00   39.00    0.00    0.00    0.00    0.00    0.00    0.00   58.00
23:16:57       8    2.02    0.00   42.42    0.00    0.00    0.00    0.00    0.00    0.00   55.56
23:16:57       9    2.04    0.00   40.82    0.00    0.00    0.00    0.00    0.00    0.00   57.14
23:16:57      10    2.02    0.00   36.36    0.00    0.00    1.01    0.00    0.00    0.00   60.61
23:16:57      11    3.03    0.00   39.39    0.00    0.00    0.00    0.00    0.00    0.00   57.58
23:16:57      12    3.06    0.00   42.86    0.00    0.00    0.00    0.00    0.00    0.00   54.08
23:16:57      13    2.06    0.00   38.14    0.00    0.00    0.00    0.00    0.00    0.00   59.79
23:16:57      14    2.04    0.00   35.71    0.00    0.00    0.00    0.00    0.00    0.00   62.24
23:16:57      15    1.03    0.00   32.99    0.00    0.00    0.00    0.00    0.00    0.00   65.98
23:16:57      16    2.04    0.00   36.73    0.00    0.00    0.00    0.00    0.00    0.00   61.22
23:16:57      17    2.06    0.00   38.14    0.00    0.00    0.00    0.00    0.00    0.00   59.79
23:16:57      18    3.03    0.00   34.34    0.00    0.00    0.00    0.00    0.00    0.00   62.63
23:16:57      19    3.06    0.00   44.90    0.00    0.00    0.00    0.00    0.00    0.00   52.04

23:16:57     CPU    %usr   %nice    %sys %iowait    %irq   %soft  %steal  %guest  %gnice   %idle
23:16:58     all    2.97    0.00   37.36    0.00    0.00    0.60    0.00    0.00    0.00   59.07
23:16:58       0    2.91    0.00   39.81    0.00    0.00    4.85    0.00    0.00    0.00   52.43
23:16:58       1    4.00    0.00   42.00    0.00    0.00    2.00    0.00    0.00    0.00   52.00
23:16:58       2    3.96    0.00   40.59    0.00    0.00    1.98    0.00    0.00    0.00   53.47
23:16:58       3    2.97    0.00   40.59    0.00    0.00    0.99    0.00    0.00    0.00   55.45
23:16:58       4    1.02    0.00   26.53    0.00    0.00    0.00    0.00    0.00    0.00   72.45
23:16:58       5    2.97    0.00   31.68    0.00    0.00    0.99    0.00    0.00    0.00   64.36
23:16:58       6    4.00    0.00   39.00    0.00    0.00    0.00    0.00    0.00    0.00   57.00
23:16:58       7    4.00    0.00   37.00    0.00    0.00    1.00    0.00    0.00    0.00   58.00
23:16:58       8    1.02    0.00   30.61    0.00    0.00    0.00    0.00    0.00    0.00   68.37
23:16:58       9    3.06    0.00   32.65    0.00    0.00    0.00    0.00    0.00    0.00   64.29
23:16:58      10    2.06    0.00   35.05    0.00    0.00    0.00    0.00    0.00    0.00   62.89
23:16:58      11    2.02    0.00   32.32    0.00    0.00    0.00    0.00    0.00    0.00   65.66
23:16:58      12    3.03    0.00   37.37    0.00    0.00    0.00    0.00    0.00    0.00   59.60
23:16:58      13    3.00    0.00   39.00    0.00    0.00    0.00    0.00    0.00    0.00   58.00
23:16:58      14    3.06    0.00   39.80    0.00    0.00    0.00    0.00    0.00    0.00   57.14
23:16:58      15    3.03    0.00   41.41    0.00    0.00    0.00    0.00    0.00    0.00   55.56
23:16:58      16    4.04    0.00   44.44    0.00    0.00    0.00    0.00    0.00    0.00   51.52
23:16:58      17    3.00    0.00   39.00    0.00    0.00    0.00    0.00    0.00    0.00   58.00
23:16:58      18    2.00    0.00   39.00    0.00    0.00    0.00    0.00    0.00    0.00   59.00
23:16:58      19    4.08    0.00   38.78    0.00    0.00    0.00    0.00    0.00    0.00   57.14

23:16:58     CPU    %usr   %nice    %sys %iowait    %irq   %soft  %steal  %guest  %gnice   %idle
23:16:59     all    3.08    0.00   37.47    0.00    0.00    0.40    0.00    0.00    0.00   59.05
23:16:59       0    2.91    0.00   35.92    0.00    0.00    4.85    0.00    0.00    0.00   56.31
23:16:59       1    2.97    0.00   42.57    0.00    0.00    2.97    0.00    0.00    0.00   51.49
23:16:59       2    2.00    0.00   31.00    0.00    0.00    0.00    0.00    0.00    0.00   67.00
23:16:59       3    3.06    0.00   42.86    0.00    0.00    0.00    0.00    0.00    0.00   54.08
23:16:59       4    5.05    0.00   38.38    0.00    0.00    0.00    0.00    0.00    0.00   56.57
23:16:59       5    3.03    0.00   38.38    0.00    0.00    0.00    0.00    0.00    0.00   58.59
23:16:59       6    3.06    0.00   44.90    0.00    0.00    0.00    0.00    0.00    0.00   52.04
23:16:59       7    3.06    0.00   36.73    0.00    0.00    0.00    0.00    0.00    0.00   60.20
23:16:59       8    3.03    0.00   29.29    0.00    0.00    0.00    0.00    0.00    0.00   67.68
23:16:59       9    4.00    0.00   41.00    0.00    0.00    0.00    0.00    0.00    0.00   55.00
23:16:59      10    3.03    0.00   34.34    0.00    0.00    0.00    0.00    0.00    0.00   62.63
23:16:59      11    4.04    0.00   40.40    0.00    0.00    0.00    0.00    0.00    0.00   55.56
23:16:59      12    3.03    0.00   36.36    0.00    0.00    0.00    0.00    0.00    0.00   60.61
23:16:59      13    2.04    0.00   39.80    0.00    0.00    0.00    0.00    0.00    0.00   58.16
23:16:59      14    3.03    0.00   35.35    0.00    0.00    0.00    0.00    0.00    0.00   61.62
23:16:59      15    2.04    0.00   34.69    0.00    0.00    0.00    0.00    0.00    0.00   63.27
23:16:59      16    2.02    0.00   34.34    0.00    0.00    0.00    0.00    0.00    0.00   63.64
23:16:59      17    3.03    0.00   36.36    0.00    0.00    0.00    0.00    0.00    0.00   60.61
23:16:59      18    3.06    0.00   35.71    0.00    0.00    0.00    0.00    0.00    0.00   61.22
23:16:59      19    4.00    0.00   41.00    0.00    0.00    0.00    0.00    0.00    0.00   55.00

23:16:59     CPU    %usr   %nice    %sys %iowait    %irq   %soft  %steal  %guest  %gnice   %idle
23:17:00     all    2.69    0.00   38.26    0.00    0.00    0.30    0.00    0.00    0.00   58.74
23:17:00       0    2.97    0.00   32.67    0.00    0.00    2.97    0.00    0.00    0.00   61.39
23:17:00       1    2.02    0.00   35.35    0.00    0.00    1.01    0.00    0.00    0.00   61.62
23:17:00       2    2.04    0.00   38.78    0.00    0.00    1.02    0.00    0.00    0.00   58.16
23:17:00       3    2.04    0.00   42.86    0.00    0.00    0.00    0.00    0.00    0.00   55.10
23:17:00       4    2.04    0.00   35.71    0.00    0.00    0.00    0.00    0.00    0.00   62.24
23:17:00       5    4.08    0.00   36.73    0.00    0.00    0.00    0.00    0.00    0.00   59.18
23:17:00       6    3.03    0.00   34.34    0.00    0.00    0.00    0.00    0.00    0.00   62.63
23:17:00       7    2.04    0.00   40.82    0.00    0.00    0.00    0.00    0.00    0.00   57.14
23:17:00       8    2.02    0.00   45.45    0.00    0.00    1.01    0.00    0.00    0.00   51.52
23:17:00       9    3.09    0.00   37.11    0.00    0.00    0.00    0.00    0.00    0.00   59.79
23:17:00      10    3.03    0.00   42.42    0.00    0.00    0.00    0.00    0.00    0.00   54.55
23:17:00      11    2.04    0.00   30.61    0.00    0.00    0.00    0.00    0.00    0.00   67.35
23:17:00      12    4.08    0.00   45.92    0.00    0.00    0.00    0.00    0.00    0.00   50.00
23:17:00      13    3.00    0.00   39.00    0.00    0.00    0.00    0.00    0.00    0.00   58.00
23:17:00      14    2.02    0.00   35.35    0.00    0.00    0.00    0.00    0.00    0.00   62.63
23:17:00      15    4.04    0.00   39.39    0.00    0.00    0.00    0.00    0.00    0.00   56.57
23:17:00      16    3.09    0.00   39.18    0.00    0.00    0.00    0.00    0.00    0.00   57.73
23:17:00      17    2.04    0.00   37.76    0.00    0.00    0.00    0.00    0.00    0.00   60.20
23:17:00      18    3.06    0.00   37.76    0.00    0.00    0.00    0.00    0.00    0.00   59.18
23:17:00      19    2.06    0.00   38.14    0.00    0.00    0.00    0.00    0.00    0.00   59.79

23:17:00     CPU    %usr   %nice    %sys %iowait    %irq   %soft  %steal  %guest  %gnice   %idle
23:17:01     all    3.47    0.00   39.48    0.00    0.00    0.50    0.05    0.00    0.00   56.50
23:17:01       0    2.91    0.00   36.89    0.00    0.00    4.85    0.00    0.00    0.00   55.34
23:17:01       1    3.96    0.00   39.60    0.00    0.00    1.98    0.00    0.00    0.00   54.46
23:17:01       2    3.03    0.00   37.37    0.00    0.00    1.01    0.00    0.00    0.00   58.59
23:17:01       3    5.00    0.00   42.00    0.00    0.00    0.00    0.00    0.00    0.00   53.00
23:17:01       4    3.00    0.00   36.00    0.00    0.00    1.00    0.00    0.00    0.00   60.00
23:17:01       5    4.04    0.00   39.39    0.00    0.00    1.01    0.00    0.00    0.00   55.56
23:17:01       6    3.06    0.00   45.92    0.00    0.00    0.00    0.00    0.00    0.00   51.02
23:17:01       7    5.05    0.00   42.42    0.00    0.00    0.00    0.00    0.00    0.00   52.53
23:17:01       8    4.04    0.00   33.33    0.00    0.00    0.00    0.00    0.00    0.00   62.63
23:17:01       9    3.03    0.00   37.37    0.00    0.00    0.00    0.00    0.00    0.00   59.60
23:17:01      10    3.03    0.00   30.30    0.00    0.00    0.00    0.00    0.00    0.00   66.67
23:17:01      11    2.02    0.00   37.37    0.00    0.00    0.00    0.00    0.00    0.00   60.61
23:17:01      12    4.04    0.00   44.44    0.00    0.00    0.00    0.00    0.00    0.00   51.52
23:17:01      13    2.06    0.00   40.21    0.00    0.00    0.00    0.00    0.00    0.00   57.73
23:17:01      14    4.04    0.00   43.43    0.00    0.00    0.00    0.00    0.00    0.00   52.53
23:17:01      15    4.00    0.00   41.00    0.00    0.00    0.00    1.00    0.00    0.00   54.00
23:17:01      16    4.00    0.00   45.00    0.00    0.00    0.00    0.00    0.00    0.00   51.00
23:17:01      17    3.06    0.00   42.86    0.00    0.00    0.00    0.00    0.00    0.00   54.08
23:17:01      18    3.03    0.00   33.33    0.00    0.00    0.00    0.00    0.00    0.00   63.64
23:17:01      19    3.03    0.00   41.41    0.00    0.00    0.00    0.00    0.00    0.00   55.56

Average:     CPU    %usr   %nice    %sys %iowait    %irq   %soft  %steal  %guest  %gnice   %idle
Average:     all    3.06    0.00   38.07    0.00    0.00    0.47    0.02    0.00    0.00   58.39
Average:       0    2.82    0.00   36.87    0.00    0.00    4.38    0.00    0.00    0.00   55.93
Average:       1    3.10    0.00   39.76    0.00    0.00    2.00    0.00    0.00    0.00   55.14
Average:       2    3.21    0.00   37.91    0.00    0.00    1.00    0.00    0.00    0.00   57.87
Average:       3    3.33    0.00   40.57    0.00    0.00    0.50    0.00    0.00    0.00   55.60
Average:       4    3.03    0.00   36.26    0.00    0.00    0.40    0.00    0.00    0.00   60.30
Average:       5    3.03    0.00   37.88    0.00    0.00    0.30    0.00    0.00    0.00   58.79
Average:       6    3.04    0.00   38.91    0.00    0.00    0.10    0.00    0.00    0.00   57.95
Average:       7    3.14    0.00   39.17    0.00    0.00    0.10    0.10    0.00    0.00   57.49
Average:       8    2.74    0.00   36.78    0.00    0.00    0.10    0.00    0.00    0.00   60.39
Average:       9    3.25    0.00   37.46    0.00    0.00    0.00    0.00    0.00    0.00   59.29
Average:      10    2.53    0.00   35.63    0.00    0.00    0.10    0.00    0.00    0.00   61.74
Average:      11    3.24    0.00   37.45    0.00    0.00    0.10    0.00    0.00    0.00   59.21
Average:      12    3.55    0.00   40.77    0.00    0.00    0.00    0.00    0.00    0.00   55.68
Average:      13    3.25    0.00   39.80    0.00    0.00    0.00    0.00    0.00    0.00   56.95
Average:      14    3.04    0.00   37.39    0.00    0.00    0.00    0.00    0.00    0.00   59.57
Average:      15    3.44    0.00   38.70    0.00    0.00    0.00    0.10    0.00    0.00   57.75
Average:      16    3.04    0.00   37.93    0.00    0.00    0.00    0.00    0.00    0.00   59.03
Average:      17    2.74    0.00   37.97    0.00    0.00    0.00    0.10    0.00    0.00   59.19
Average:      18    2.63    0.00   34.25    0.00    0.00    0.00    0.00    0.00    0.00   63.12
Average:      19    3.04    0.00   39.96    0.00    0.00    0.10    0.00    0.00    0.00   56.90
