Linux 6.8.0-138-generic (snapshots-gpu-mi300x1-192gb-devcloud-atl1) 	10/07/26 	_x86_64_	(20 CPU)

00:07:58     CPU    %usr   %nice    %sys %iowait    %irq   %soft  %steal  %guest  %gnice   %idle
00:07:59     all    2.92    0.00   36.00    0.00    0.00    0.65    0.00    0.00    0.00   60.42
00:07:59       0    1.94    0.00   32.04    0.00    0.00    5.83    0.00    0.00    0.00   60.19
00:07:59       1    3.88    0.00   42.72    0.00    0.00    2.91    0.00    0.00    0.00   50.49
00:07:59       2    3.92    0.00   38.24    0.00    0.00    0.98    0.00    0.00    0.00   56.86
00:07:59       3    2.02    0.00   36.36    0.00    0.00    1.01    0.00    0.00    0.00   60.61
00:07:59       4    2.02    0.00   38.38    0.00    0.00    1.01    0.00    0.00    0.00   58.59
00:07:59       5    3.96    0.00   33.66    0.00    0.00    0.99    0.00    0.00    0.00   61.39
00:07:59       6    3.03    0.00   39.39    0.00    0.00    0.00    0.00    0.00    0.00   57.58
00:07:59       7    3.06    0.00   34.69    0.00    0.00    0.00    0.00    0.00    0.00   62.24
00:07:59       8    3.06    0.00   36.73    0.00    0.00    0.00    0.00    0.00    0.00   60.20
00:07:59       9    2.04    0.00   28.57    0.00    0.00    0.00    0.00    0.00    0.00   69.39
00:07:59      10    2.02    0.00   33.33    0.00    0.00    0.00    0.00    0.00    0.00   64.65
00:07:59      11    4.08    0.00   33.67    0.00    0.00    0.00    0.00    0.00    0.00   62.24
00:07:59      12    3.06    0.00   37.76    0.00    0.00    0.00    0.00    0.00    0.00   59.18
00:07:59      13    3.03    0.00   38.38    0.00    0.00    0.00    0.00    0.00    0.00   58.59
00:07:59      14    3.06    0.00   35.71    0.00    0.00    0.00    0.00    0.00    0.00   61.22
00:07:59      15    2.04    0.00   31.63    0.00    0.00    0.00    0.00    0.00    0.00   66.33
00:07:59      16    4.04    0.00   35.35    0.00    0.00    0.00    0.00    0.00    0.00   60.61
00:07:59      17    4.08    0.00   38.78    0.00    0.00    0.00    0.00    0.00    0.00   57.14
00:07:59      18    2.00    0.00   34.00    0.00    0.00    0.00    0.00    0.00    0.00   64.00
00:07:59      19    2.02    0.00   40.40    0.00    0.00    0.00    0.00    0.00    0.00   57.58

00:07:59     CPU    %usr   %nice    %sys %iowait    %irq   %soft  %steal  %guest  %gnice   %idle
00:08:00     all    3.37    0.00   33.64    0.00    0.00    0.50    0.00    0.00    0.00   62.49
00:08:00       0    4.81    0.00   33.65    0.00    0.00    4.81    0.00    0.00    0.00   56.73
00:08:00       1    2.97    0.00   32.67    0.00    0.00    2.97    0.00    0.00    0.00   61.39
00:08:00       2    3.03    0.00   32.32    0.00    0.00    1.01    0.00    0.00    0.00   63.64
00:08:00       3    3.00    0.00   30.00    0.00    0.00    1.00    0.00    0.00    0.00   66.00
00:08:00       4    3.00    0.00   32.00    0.00    0.00    0.00    0.00    0.00    0.00   65.00
00:08:00       5    2.06    0.00   30.93    0.00    0.00    0.00    0.00    0.00    0.00   67.01
00:08:00       6    4.00    0.00   35.00    0.00    0.00    0.00    0.00    0.00    0.00   61.00
00:08:00       7    4.04    0.00   37.37    0.00    0.00    0.00    0.00    0.00    0.00   58.59
00:08:00       8    5.00    0.00   36.00    0.00    0.00    0.00    0.00    0.00    0.00   59.00
00:08:00       9    4.04    0.00   38.38    0.00    0.00    0.00    0.00    0.00    0.00   57.58
00:08:00      10    3.03    0.00   28.28    0.00    0.00    0.00    0.00    0.00    0.00   68.69
00:08:00      11    3.03    0.00   38.38    0.00    0.00    0.00    0.00    0.00    0.00   58.59
00:08:00      12    3.03    0.00   28.28    0.00    0.00    0.00    0.00    0.00    0.00   68.69
00:08:00      13    2.04    0.00   31.63    0.00    0.00    0.00    0.00    0.00    0.00   66.33
00:08:00      14    5.05    0.00   40.40    0.00    0.00    0.00    0.00    0.00    0.00   54.55
00:08:00      15    4.00    0.00   34.00    0.00    0.00    0.00    0.00    0.00    0.00   62.00
00:08:00      16    3.06    0.00   35.71    0.00    0.00    0.00    0.00    0.00    0.00   61.22
00:08:00      17    3.03    0.00   31.31    0.00    0.00    0.00    0.00    0.00    0.00   65.66
00:08:00      18    2.02    0.00   29.29    0.00    0.00    0.00    0.00    0.00    0.00   68.69
00:08:00      19    3.09    0.00   37.11    0.00    0.00    0.00    0.00    0.00    0.00   59.79

00:08:00     CPU    %usr   %nice    %sys %iowait    %irq   %soft  %steal  %guest  %gnice   %idle
00:08:01     all    3.27    0.00   34.19    0.00    0.00    0.50    0.05    0.00    0.00   61.99
00:08:01       0    1.98    0.00   29.70    0.00    0.00    3.96    0.00    0.00    0.00   64.36
00:08:01       1    3.88    0.00   34.95    0.00    0.00    2.91    0.00    0.00    0.00   58.25
00:08:01       2    3.00    0.00   35.00    0.00    0.00    1.00    0.00    0.00    0.00   61.00
00:08:01       3    3.03    0.00   27.27    0.00    0.00    0.00    0.00    0.00    0.00   69.70
00:08:01       4    5.00    0.00   39.00    0.00    0.00    1.00    0.00    0.00    0.00   55.00
00:08:01       5    3.03    0.00   38.38    0.00    0.00    0.00    0.00    0.00    0.00   58.59
00:08:01       6    3.06    0.00   34.69    0.00    0.00    0.00    0.00    0.00    0.00   62.24
00:08:01       7    4.00    0.00   39.00    0.00    0.00    0.00    0.00    0.00    0.00   57.00
00:08:01       8    3.03    0.00   35.35    0.00    0.00    0.00    0.00    0.00    0.00   61.62
00:08:01       9    2.02    0.00   33.33    0.00    0.00    0.00    0.00    0.00    0.00   64.65
00:08:01      10    3.06    0.00   37.76    0.00    0.00    0.00    0.00    0.00    0.00   59.18
00:08:01      11    4.00    0.00   33.00    0.00    0.00    0.00    0.00    0.00    0.00   63.00
00:08:01      12    3.06    0.00   34.69    0.00    0.00    0.00    0.00    0.00    0.00   62.24
00:08:01      13    2.97    0.00   27.72    0.00    0.00    0.00    0.00    0.00    0.00   69.31
00:08:01      14    2.00    0.00   25.00    0.00    0.00    1.00    0.00    0.00    0.00   72.00
00:08:01      15    3.06    0.00   34.69    0.00    0.00    0.00    0.00    0.00    0.00   62.24
00:08:01      16    4.00    0.00   37.00    0.00    0.00    0.00    0.00    0.00    0.00   59.00
00:08:01      17    4.08    0.00   33.67    0.00    0.00    0.00    0.00    0.00    0.00   62.24
00:08:01      18    4.00    0.00   38.00    0.00    0.00    0.00    0.00    0.00    0.00   58.00
00:08:01      19    3.06    0.00   35.71    0.00    0.00    0.00    1.02    0.00    0.00   60.20

00:08:01     CPU    %usr   %nice    %sys %iowait    %irq   %soft  %steal  %guest  %gnice   %idle
00:08:02     all    2.93    0.00   34.90    0.00    0.00    0.61    0.00    0.00    0.00   61.57
00:08:02       0    2.91    0.00   32.04    0.00    0.00    5.83    0.00    0.00    0.00   59.22
00:08:02       1    2.00    0.00   29.00    0.00    0.00    3.00    0.00    0.00    0.00   66.00
00:08:02       2    4.04    0.00   36.36    0.00    0.00    1.01    0.00    0.00    0.00   58.59
00:08:02       3    3.03    0.00   35.35    0.00    0.00    1.01    0.00    0.00    0.00   60.61
00:08:02       4    3.06    0.00   40.82    0.00    0.00    0.00    0.00    0.00    0.00   56.12
00:08:02       5    2.00    0.00   30.00    0.00    0.00    1.00    0.00    0.00    0.00   67.00
00:08:02       6    2.97    0.00   35.64    0.00    0.00    0.00    0.00    0.00    0.00   61.39
00:08:02       7    3.06    0.00   31.63    0.00    0.00    0.00    0.00    0.00    0.00   65.31
00:08:02       8    3.09    0.00   38.14    0.00    0.00    0.00    0.00    0.00    0.00   58.76
00:08:02       9    3.06    0.00   33.67    0.00    0.00    0.00    0.00    0.00    0.00   63.27
00:08:02      10    3.03    0.00   38.38    0.00    0.00    0.00    0.00    0.00    0.00   58.59
00:08:02      11    3.03    0.00   32.32    0.00    0.00    0.00    0.00    0.00    0.00   64.65
00:08:02      12    3.00    0.00   34.00    0.00    0.00    0.00    0.00    0.00    0.00   63.00
00:08:02      13    3.09    0.00   39.18    0.00    0.00    0.00    0.00    0.00    0.00   57.73
00:08:02      14    3.06    0.00   37.76    0.00    0.00    0.00    0.00    0.00    0.00   59.18
00:08:02      15    3.06    0.00   36.73    0.00    0.00    0.00    0.00    0.00    0.00   60.20
00:08:02      16    3.03    0.00   32.32    0.00    0.00    0.00    0.00    0.00    0.00   64.65
00:08:02      17    2.04    0.00   32.65    0.00    0.00    0.00    0.00    0.00    0.00   65.31
00:08:02      18    3.00    0.00   37.00    0.00    0.00    0.00    0.00    0.00    0.00   60.00
00:08:02      19    3.03    0.00   35.35    0.00    0.00    0.00    0.00    0.00    0.00   61.62

00:08:02     CPU    %usr   %nice    %sys %iowait    %irq   %soft  %steal  %guest  %gnice   %idle
00:08:03     all    3.02    0.00   34.46    0.00    0.00    0.50    0.00    0.00    0.00   62.02
00:08:03       0    2.86    0.00   34.29    0.00    0.00    4.76    0.00    0.00    0.00   58.10
00:08:03       1    2.97    0.00   33.66    0.00    0.00    1.98    0.00    0.00    0.00   61.39
00:08:03       2    4.00    0.00   38.00    0.00    0.00    1.00    0.00    0.00    0.00   57.00
00:08:03       3    2.94    0.00   31.37    0.00    0.00    0.98    0.00    0.00    0.00   64.71
00:08:03       4    3.00    0.00   38.00    0.00    0.00    1.00    0.00    0.00    0.00   58.00
00:08:03       5    2.04    0.00   29.59    0.00    0.00    0.00    0.00    0.00    0.00   68.37
00:08:03       6    2.02    0.00   37.37    0.00    0.00    0.00    0.00    0.00    0.00   60.61
00:08:03       7    4.00    0.00   39.00    0.00    0.00    0.00    0.00    0.00    0.00   57.00
00:08:03       8    2.02    0.00   30.30    0.00    0.00    0.00    0.00    0.00    0.00   67.68
00:08:03       9    2.04    0.00   32.65    0.00    0.00    0.00    0.00    0.00    0.00   65.31
00:08:03      10    3.09    0.00   32.99    0.00    0.00    0.00    0.00    0.00    0.00   63.92
00:08:03      11    3.06    0.00   32.65    0.00    0.00    0.00    0.00    0.00    0.00   64.29
00:08:03      12    2.04    0.00   30.61    0.00    0.00    0.00    0.00    0.00    0.00   67.35
00:08:03      13    4.04    0.00   34.34    0.00    0.00    0.00    0.00    0.00    0.00   61.62
00:08:03      14    2.04    0.00   31.63    0.00    0.00    0.00    0.00    0.00    0.00   66.33
00:08:03      15    3.06    0.00   32.65    0.00    0.00    0.00    0.00    0.00    0.00   64.29
00:08:03      16    3.09    0.00   37.11    0.00    0.00    0.00    0.00    0.00    0.00   59.79
00:08:03      17    4.00    0.00   36.00    0.00    0.00    0.00    0.00    0.00    0.00   60.00
00:08:03      18    3.06    0.00   35.71    0.00    0.00    0.00    0.00    0.00    0.00   61.22
00:08:03      19    5.00    0.00   41.00    0.00    0.00    0.00    0.00    0.00    0.00   54.00

00:08:03     CPU    %usr   %nice    %sys %iowait    %irq   %soft  %steal  %guest  %gnice   %idle
00:08:04     all    3.28    0.00   34.86    0.00    0.00    0.55    0.00    0.00    0.00   61.30
00:08:04       0    2.83    0.00   33.02    0.00    0.00    6.60    0.00    0.00    0.00   57.55
00:08:04       1    3.92    0.00   35.29    0.00    0.00    2.94    0.00    0.00    0.00   57.84
00:08:04       2    2.02    0.00   34.34    0.00    0.00    1.01    0.00    0.00    0.00   62.63
00:08:04       3    4.04    0.00   33.33    0.00    0.00    0.00    0.00    0.00    0.00   62.63
00:08:04       4    2.00    0.00   28.00    0.00    0.00    0.00    0.00    0.00    0.00   70.00
00:08:04       5    3.03    0.00   29.29    0.00    0.00    0.00    0.00    0.00    0.00   67.68
00:08:04       6    3.09    0.00   35.05    0.00    0.00    0.00    0.00    0.00    0.00   61.86
00:08:04       7    2.06    0.00   30.93    0.00    0.00    0.00    0.00    0.00    0.00   67.01
00:08:04       8    3.03    0.00   40.40    0.00    0.00    0.00    0.00    0.00    0.00   56.57
00:08:04       9    4.04    0.00   32.32    0.00    0.00    0.00    0.00    0.00    0.00   63.64
00:08:04      10    4.00    0.00   33.00    0.00    0.00    0.00    0.00    0.00    0.00   63.00
00:08:04      11    3.03    0.00   39.39    0.00    0.00    0.00    0.00    0.00    0.00   57.58
00:08:04      12    4.00    0.00   41.00    0.00    0.00    0.00    0.00    0.00    0.00   55.00
00:08:04      13    4.04    0.00   37.37    0.00    0.00    0.00    0.00    0.00    0.00   58.59
00:08:04      14    3.03    0.00   38.38    0.00    0.00    0.00    0.00    0.00    0.00   58.59
00:08:04      15    3.06    0.00   33.67    0.00    0.00    0.00    0.00    0.00    0.00   63.27
00:08:04      16    2.02    0.00   30.30    0.00    0.00    0.00    0.00    0.00    0.00   67.68
00:08:04      17    4.12    0.00   35.05    0.00    0.00    0.00    0.00    0.00    0.00   60.82
00:08:04      18    4.12    0.00   41.24    0.00    0.00    0.00    0.00    0.00    0.00   54.64
00:08:04      19    4.12    0.00   36.08    0.00    0.00    0.00    0.00    0.00    0.00   59.79

00:08:04     CPU    %usr   %nice    %sys %iowait    %irq   %soft  %steal  %guest  %gnice   %idle
00:08:05     all    3.02    0.00   33.57    0.00    0.00    0.55    0.00    0.00    0.00   62.86
00:08:05       0    2.91    0.00   34.95    0.00    0.00    3.88    0.00    0.00    0.00   58.25
00:08:05       1    3.88    0.00   37.86    0.00    0.00    2.91    0.00    0.00    0.00   55.34
00:08:05       2    3.03    0.00   37.37    0.00    0.00    2.02    0.00    0.00    0.00   57.58
00:08:05       3    2.94    0.00   36.27    0.00    0.00    1.96    0.00    0.00    0.00   58.82
00:08:05       4    3.06    0.00   30.61    0.00    0.00    0.00    0.00    0.00    0.00   66.33
00:08:05       5    3.03    0.00   30.30    0.00    0.00    0.00    0.00    0.00    0.00   66.67
00:08:05       6    3.03    0.00   35.35    0.00    0.00    0.00    0.00    0.00    0.00   61.62
00:08:05       7    2.02    0.00   32.32    0.00    0.00    0.00    0.00    0.00    0.00   65.66
00:08:05       8    2.04    0.00   29.59    0.00    0.00    0.00    0.00    0.00    0.00   68.37
00:08:05       9    3.06    0.00   36.73    0.00    0.00    0.00    0.00    0.00    0.00   60.20
00:08:05      10    2.04    0.00   31.63    0.00    0.00    0.00    0.00    0.00    0.00   66.33
00:08:05      11    3.06    0.00   27.55    0.00    0.00    0.00    0.00    0.00    0.00   69.39
00:08:05      12    4.04    0.00   38.38    0.00    0.00    0.00    0.00    0.00    0.00   57.58
00:08:05      13    4.08    0.00   39.80    0.00    0.00    0.00    0.00    0.00    0.00   56.12
00:08:05      14    3.03    0.00   34.34    0.00    0.00    0.00    0.00    0.00    0.00   62.63
00:08:05      15    4.00    0.00   32.00    0.00    0.00    0.00    0.00    0.00    0.00   64.00
00:08:05      16    2.00    0.00   24.00    0.00    0.00    0.00    0.00    0.00    0.00   74.00
00:08:05      17    4.00    0.00   39.00    0.00    0.00    0.00    0.00    0.00    0.00   57.00
00:08:05      18    2.97    0.00   31.68    0.00    0.00    0.00    0.00    0.00    0.00   65.35
00:08:05      19    2.02    0.00   31.31    0.00    0.00    0.00    0.00    0.00    0.00   66.67

00:08:05     CPU    %usr   %nice    %sys %iowait    %irq   %soft  %steal  %guest  %gnice   %idle
00:08:06     all    3.41    0.00   36.20    0.00    0.00    0.60    0.00    0.00    0.00   59.79
00:08:06       0    2.88    0.00   32.69    0.00    0.00    5.77    0.00    0.00    0.00   58.65
00:08:06       1    2.00    0.00   30.00    0.00    0.00    2.00    0.00    0.00    0.00   66.00
00:08:06       2    2.94    0.00   33.33    0.00    0.00    2.94    0.00    0.00    0.00   60.78
00:08:06       3    3.03    0.00   36.36    0.00    0.00    0.00    0.00    0.00    0.00   60.61
00:08:06       4    2.97    0.00   36.63    0.00    0.00    0.99    0.00    0.00    0.00   59.41
00:08:06       5    3.03    0.00   35.35    0.00    0.00    0.00    0.00    0.00    0.00   61.62
00:08:06       6    4.08    0.00   36.73    0.00    0.00    0.00    0.00    0.00    0.00   59.18
00:08:06       7    3.03    0.00   34.34    0.00    0.00    0.00    0.00    0.00    0.00   62.63
00:08:06       8    3.06    0.00   30.61    0.00    0.00    0.00    0.00    0.00    0.00   66.33
00:08:06       9    3.03    0.00   39.39    0.00    0.00    0.00    0.00    0.00    0.00   57.58
00:08:06      10    4.04    0.00   38.38    0.00    0.00    0.00    0.00    0.00    0.00   57.58
00:08:06      11    4.00    0.00   41.00    0.00    0.00    0.00    0.00    0.00    0.00   55.00
00:08:06      12    2.00    0.00   36.00    0.00    0.00    0.00    0.00    0.00    0.00   62.00
00:08:06      13    4.00    0.00   33.00    0.00    0.00    0.00    0.00    0.00    0.00   63.00
00:08:06      14    4.00    0.00   39.00    0.00    0.00    0.00    0.00    0.00    0.00   57.00
00:08:06      15    5.00    0.00   41.00    0.00    0.00    0.00    0.00    0.00    0.00   54.00
00:08:06      16    4.00    0.00   35.00    0.00    0.00    0.00    0.00    0.00    0.00   61.00
00:08:06      17    3.03    0.00   35.35    0.00    0.00    0.00    0.00    0.00    0.00   61.62
00:08:06      18    4.95    0.00   39.60    0.00    0.00    0.00    0.00    0.00    0.00   55.45
00:08:06      19    3.03    0.00   40.40    0.00    0.00    0.00    0.00    0.00    0.00   56.57

00:08:06     CPU    %usr   %nice    %sys %iowait    %irq   %soft  %steal  %guest  %gnice   %idle
00:08:07     all    3.21    0.00   34.05    0.00    0.00    0.70    0.00    0.00    0.00   62.03
00:08:07       0    2.83    0.00   37.74    0.00    0.00    6.60    0.00    0.00    0.00   52.83
00:08:07       1    3.00    0.00   36.00    0.00    0.00    3.00    0.00    0.00    0.00   58.00
00:08:07       2    4.00    0.00   34.00    0.00    0.00    2.00    0.00    0.00    0.00   60.00
00:08:07       3    3.00    0.00   33.00    0.00    0.00    1.00    0.00    0.00    0.00   63.00
00:08:07       4    4.12    0.00   36.08    0.00    0.00    0.00    0.00    0.00    0.00   59.79
00:08:07       5    4.00    0.00   35.00    0.00    0.00    0.00    0.00    0.00    0.00   61.00
00:08:07       6    3.03    0.00   32.32    0.00    0.00    0.00    0.00    0.00    0.00   64.65
00:08:07       7    2.00    0.00   31.00    0.00    0.00    1.00    0.00    0.00    0.00   66.00
00:08:07       8    4.08    0.00   39.80    0.00    0.00    0.00    0.00    0.00    0.00   56.12
00:08:07       9    2.00    0.00   31.00    0.00    0.00    0.00    0.00    0.00    0.00   67.00
00:08:07      10    3.03    0.00   29.29    0.00    0.00    0.00    0.00    0.00    0.00   67.68
00:08:07      11    4.00    0.00   38.00    0.00    0.00    0.00    0.00    0.00    0.00   58.00
00:08:07      12    3.03    0.00   29.29    0.00    0.00    0.00    0.00    0.00    0.00   67.68
00:08:07      13    3.96    0.00   32.67    0.00    0.00    0.00    0.00    0.00    0.00   63.37
00:08:07      14    3.06    0.00   33.67    0.00    0.00    0.00    0.00    0.00    0.00   63.27
00:08:07      15    1.02    0.00   28.57    0.00    0.00    0.00    0.00    0.00    0.00   70.41
00:08:07      16    4.08    0.00   40.82    0.00    0.00    0.00    0.00    0.00    0.00   55.10
00:08:07      17    3.03    0.00   37.37    0.00    0.00    0.00    0.00    0.00    0.00   59.60
00:08:07      18    3.06    0.00   31.63    0.00    0.00    0.00    0.00    0.00    0.00   65.31
00:08:07      19    3.96    0.00   33.66    0.00    0.00    0.00    0.00    0.00    0.00   62.38

00:08:07     CPU    %usr   %nice    %sys %iowait    %irq   %soft  %steal  %guest  %gnice   %idle
00:08:08     all    2.92    0.00   35.10    0.00    0.00    0.76    0.00    0.00    0.00   61.23
00:08:08       0    2.94    0.00   30.39    0.00    0.00    4.90    0.00    0.00    0.00   61.76
00:08:08       1    3.85    0.00   35.58    0.00    0.00    4.81    0.00    0.00    0.00   55.77
00:08:08       2    3.00    0.00   37.00    0.00    0.00    1.00    0.00    0.00    0.00   59.00
00:08:08       3    2.00    0.00   28.00    0.00    0.00    1.00    0.00    0.00    0.00   69.00
00:08:08       4    2.00    0.00   39.00    0.00    0.00    1.00    0.00    0.00    0.00   58.00
00:08:08       5    2.02    0.00   34.34    0.00    0.00    1.01    0.00    0.00    0.00   62.63
00:08:08       6    3.00    0.00   38.00    0.00    0.00    1.00    0.00    0.00    0.00   58.00
00:08:08       7    4.00    0.00   34.00    0.00    0.00    0.00    0.00    0.00    0.00   62.00
00:08:08       8    3.00    0.00   36.00    0.00    0.00    0.00    0.00    0.00    0.00   61.00
00:08:08       9    4.04    0.00   37.37    0.00    0.00    0.00    0.00    0.00    0.00   58.59
00:08:08      10    2.04    0.00   31.63    0.00    0.00    0.00    0.00    0.00    0.00   66.33
00:08:08      11    3.06    0.00   35.71    0.00    0.00    0.00    0.00    0.00    0.00   61.22
00:08:08      12    3.06    0.00   36.73    0.00    0.00    0.00    0.00    0.00    0.00   60.20
00:08:08      13    3.06    0.00   34.69    0.00    0.00    0.00    0.00    0.00    0.00   62.24
00:08:08      14    3.03    0.00   34.34    0.00    0.00    0.00    0.00    0.00    0.00   62.63
00:08:08      15    4.08    0.00   35.71    0.00    0.00    0.00    0.00    0.00    0.00   60.20
00:08:08      16    4.08    0.00   35.71    0.00    0.00    0.00    0.00    0.00    0.00   60.20
00:08:08      17    2.06    0.00   39.18    0.00    0.00    0.00    0.00    0.00    0.00   58.76
00:08:08      18    1.01    0.00   30.30    0.00    0.00    0.00    0.00    0.00    0.00   68.69
00:08:08      19    3.03    0.00   38.38    0.00    0.00    0.00    0.00    0.00    0.00   58.59

Average:     CPU    %usr   %nice    %sys %iowait    %irq   %soft  %steal  %guest  %gnice   %idle
Average:     all    3.14    0.00   34.70    0.00    0.00    0.59    0.01    0.00    0.00   61.57
Average:       0    2.89    0.00   33.08    0.00    0.00    5.30    0.00    0.00    0.00   58.73
Average:       1    3.24    0.00   34.81    0.00    0.00    2.95    0.00    0.00    0.00   59.00
Average:       2    3.30    0.00   35.60    0.00    0.00    1.40    0.00    0.00    0.00   59.70
Average:       3    2.90    0.00   32.73    0.00    0.00    0.80    0.00    0.00    0.00   63.56
Average:       4    3.02    0.00   35.85    0.00    0.00    0.50    0.00    0.00    0.00   60.62
Average:       5    2.83    0.00   32.69    0.00    0.00    0.30    0.00    0.00    0.00   64.18
Average:       6    3.13    0.00   35.96    0.00    0.00    0.10    0.00    0.00    0.00   60.81
Average:       7    3.13    0.00   34.44    0.00    0.00    0.10    0.00    0.00    0.00   62.32
Average:       8    3.14    0.00   35.29    0.00    0.00    0.00    0.00    0.00    0.00   61.56
Average:       9    2.94    0.00   34.35    0.00    0.00    0.00    0.00    0.00    0.00   62.72
Average:      10    2.94    0.00   33.47    0.00    0.00    0.00    0.00    0.00    0.00   63.59
Average:      11    3.44    0.00   35.19    0.00    0.00    0.00    0.00    0.00    0.00   61.38
Average:      12    3.03    0.00   34.68    0.00    0.00    0.00    0.00    0.00    0.00   62.29
Average:      13    3.43    0.00   34.85    0.00    0.00    0.00    0.00    0.00    0.00   61.72
Average:      14    3.14    0.00   35.02    0.00    0.00    0.10    0.00    0.00    0.00   61.74
Average:      15    3.25    0.00   34.08    0.00    0.00    0.00    0.00    0.00    0.00   62.68
Average:      16    3.34    0.00   34.31    0.00    0.00    0.00    0.00    0.00    0.00   62.35
Average:      17    3.35    0.00   35.84    0.00    0.00    0.00    0.00    0.00    0.00   60.81
Average:      18    3.02    0.00   34.84    0.00    0.00    0.00    0.00    0.00    0.00   62.13
Average:      19    3.24    0.00   36.94    0.00    0.00    0.00    0.10    0.00    0.00   59.72
