Linux 6.8.0-138-generic (snapshots-gpu-mi300x1-192gb-devcloud-atl1) 	10/06/26 	_x86_64_	(20 CPU)

23:26:46     CPU    %usr   %nice    %sys %iowait    %irq   %soft  %steal  %guest  %gnice   %idle
23:26:47     all    5.43    0.00   50.78    0.00    0.00    0.40    0.00    0.00    0.00   43.39
23:26:47       0    6.80    0.00   53.40    0.00    0.00    2.91    0.00    0.00    0.00   36.89
23:26:47       1    4.95    0.00   50.50    0.00    0.00    1.98    0.00    0.00    0.00   42.57
23:26:47       2    6.00    0.00   52.00    0.00    0.00    1.00    0.00    0.00    0.00   41.00
23:26:47       3    3.00    0.00   42.00    0.00    0.00    1.00    0.00    0.00    0.00   54.00
23:26:47       4    6.06    0.00   60.61    0.00    0.00    0.00    0.00    0.00    0.00   33.33
23:26:47       5    7.07    0.00   50.51    0.00    0.00    0.00    0.00    0.00    0.00   42.42
23:26:47       6    8.08    0.00   55.56    0.00    0.00    1.01    0.00    0.00    0.00   35.35
23:26:47       7    3.03    0.00   47.47    0.00    0.00    0.00    0.00    0.00    0.00   49.49
23:26:47       8    5.10    0.00   59.18    0.00    0.00    0.00    0.00    0.00    0.00   35.71
23:26:47       9    3.03    0.00   52.53    0.00    0.00    0.00    0.00    0.00    0.00   44.44
23:26:47      10    3.03    0.00   48.48    0.00    0.00    0.00    0.00    0.00    0.00   48.48
23:26:47      11    7.07    0.00   48.48    0.00    0.00    0.00    0.00    0.00    0.00   44.44
23:26:47      12    8.00    0.00   44.00    0.00    0.00    0.00    0.00    0.00    0.00   48.00
23:26:47      13    4.08    0.00   55.10    0.00    0.00    0.00    0.00    0.00    0.00   40.82
23:26:47      14    4.04    0.00   56.57    0.00    0.00    0.00    0.00    0.00    0.00   39.39
23:26:47      15   10.00    0.00   46.00    0.00    0.00    0.00    0.00    0.00    0.00   44.00
23:26:47      16    6.06    0.00   52.53    0.00    0.00    0.00    0.00    0.00    0.00   41.41
23:26:47      17    3.00    0.00   48.00    0.00    0.00    0.00    0.00    0.00    0.00   49.00
23:26:47      18    6.00    0.00   45.00    0.00    0.00    0.00    0.00    0.00    0.00   49.00
23:26:47      19    4.08    0.00   47.96    0.00    0.00    0.00    0.00    0.00    0.00   47.96

23:26:47     CPU    %usr   %nice    %sys %iowait    %irq   %soft  %steal  %guest  %gnice   %idle
23:26:48     all    5.49    0.00   50.35    0.00    0.00    0.30    0.00    0.00    0.00   43.86
23:26:48       0    3.00    0.00   37.00    0.00    0.00    3.00    0.00    0.00    0.00   57.00
23:26:48       1    5.05    0.00   40.40    0.00    0.00    1.01    0.00    0.00    0.00   53.54
23:26:48       2    5.10    0.00   47.96    0.00    0.00    0.00    0.00    0.00    0.00   46.94
23:26:48       3    2.00    0.00   49.00    0.00    0.00    0.00    0.00    0.00    0.00   49.00
23:26:48       4    2.00    0.00   47.00    0.00    0.00    1.00    0.00    0.00    0.00   50.00
23:26:48       5    6.00    0.00   59.00    0.00    0.00    0.00    0.00    0.00    0.00   35.00
23:26:48       6    4.04    0.00   54.55    0.00    0.00    0.00    0.00    0.00    0.00   41.41
23:26:48       7    8.08    0.00   59.60    0.00    0.00    0.00    0.00    0.00    0.00   32.32
23:26:48       8    3.00    0.00   30.00    0.00    0.00    0.00    0.00    0.00    0.00   67.00
23:26:48       9    6.06    0.00   58.59    0.00    0.00    0.00    0.00    0.00    0.00   35.35
23:26:48      10    9.18    0.00   55.10    0.00    0.00    0.00    0.00    0.00    0.00   35.71
23:26:48      11   10.10    0.00   53.54    0.00    0.00    0.00    0.00    0.00    0.00   36.36
23:26:48      12    5.05    0.00   44.44    0.00    0.00    0.00    0.00    0.00    0.00   50.51
23:26:48      13    4.95    0.00   55.45    0.00    0.00    0.00    0.00    0.00    0.00   39.60
23:26:48      14    5.00    0.00   48.00    0.00    0.00    0.00    0.00    0.00    0.00   47.00
23:26:48      15    6.12    0.00   58.16    0.00    0.00    0.00    0.00    0.00    0.00   35.71
23:26:48      16    7.00    0.00   48.00    0.00    0.00    1.00    0.00    0.00    0.00   44.00
23:26:48      17    6.06    0.00   55.56    0.00    0.00    0.00    0.00    0.00    0.00   38.38
23:26:48      18    7.07    0.00   51.52    0.00    0.00    0.00    0.00    0.00    0.00   41.41
23:26:48      19    5.05    0.00   54.55    0.00    0.00    0.00    0.00    0.00    0.00   40.40

23:26:48     CPU    %usr   %nice    %sys %iowait    %irq   %soft  %steal  %guest  %gnice   %idle
23:26:49     all    5.37    0.00   49.12    0.00    0.00    0.50    0.00    0.00    0.00   45.00
23:26:49       0    3.74    0.00   34.58    0.00    0.00    5.61    0.00    0.00    0.00   56.07
23:26:49       1   13.86    0.00   57.43    0.00    0.00    0.99    0.00    0.00    0.00   27.72
23:26:49       2    3.96    0.00   40.59    0.00    0.00    1.98    0.00    0.00    0.00   53.47
23:26:49       3    5.05    0.00   56.57    0.00    0.00    1.01    0.00    0.00    0.00   37.37
23:26:49       4    7.07    0.00   52.53    0.00    0.00    0.00    0.00    0.00    0.00   40.40
23:26:49       5    4.04    0.00   58.59    0.00    0.00    0.00    0.00    0.00    0.00   37.37
23:26:49       6    5.05    0.00   53.54    0.00    0.00    0.00    0.00    0.00    0.00   41.41
23:26:49       7    5.05    0.00   52.53    0.00    0.00    0.00    0.00    0.00    0.00   42.42
23:26:49       8    5.10    0.00   52.04    0.00    0.00    0.00    0.00    0.00    0.00   42.86
23:26:49       9    5.05    0.00   45.45    0.00    0.00    0.00    0.00    0.00    0.00   49.49
23:26:49      10    6.00    0.00   41.00    0.00    0.00    0.00    0.00    0.00    0.00   53.00
23:26:49      11    5.05    0.00   44.44    0.00    0.00    0.00    0.00    0.00    0.00   50.51
23:26:49      12    4.04    0.00   52.53    0.00    0.00    0.00    0.00    0.00    0.00   43.43
23:26:49      13    8.08    0.00   53.54    0.00    0.00    0.00    0.00    0.00    0.00   38.38
23:26:49      14    7.07    0.00   52.53    0.00    0.00    0.00    0.00    0.00    0.00   40.40
23:26:49      15    5.05    0.00   49.49    0.00    0.00    0.00    0.00    0.00    0.00   45.45
23:26:49      16    7.07    0.00   59.60    0.00    0.00    0.00    0.00    0.00    0.00   33.33
23:26:49      17    2.02    0.00   42.42    0.00    0.00    0.00    0.00    0.00    0.00   55.56
23:26:49      18    2.04    0.00   35.71    0.00    0.00    0.00    0.00    0.00    0.00   62.24
23:26:49      19    3.03    0.00   48.48    0.00    0.00    0.00    0.00    0.00    0.00   48.48

23:26:49     CPU    %usr   %nice    %sys %iowait    %irq   %soft  %steal  %guest  %gnice   %idle
23:26:50     all    5.57    0.00   50.25    0.00    0.00    0.45    0.00    0.00    0.00   43.73
23:26:50       0   10.89    0.00   41.58    0.00    0.00    2.97    0.00    0.00    0.00   44.55
23:26:50       1    3.92    0.00   49.02    0.00    0.00    1.96    0.00    0.00    0.00   45.10
23:26:50       2    5.05    0.00   54.55    0.00    0.00    1.01    0.00    0.00    0.00   39.39
23:26:50       3    3.92    0.00   49.02    0.00    0.00    0.98    0.00    0.00    0.00   46.08
23:26:50       4    5.00    0.00   56.00    0.00    0.00    1.00    0.00    0.00    0.00   38.00
23:26:50       5    3.00    0.00   39.00    0.00    0.00    1.00    0.00    0.00    0.00   57.00
23:26:50       6    3.96    0.00   56.44    0.00    0.00    0.00    0.00    0.00    0.00   39.60
23:26:50       7    4.00    0.00   48.00    0.00    0.00    0.00    0.00    0.00    0.00   48.00
23:26:50       8   10.10    0.00   56.57    0.00    0.00    0.00    0.00    0.00    0.00   33.33
23:26:50       9    5.00    0.00   56.00    0.00    0.00    0.00    0.00    0.00    0.00   39.00
23:26:50      10    4.04    0.00   49.49    0.00    0.00    0.00    0.00    0.00    0.00   46.46
23:26:50      11    4.12    0.00   46.39    0.00    0.00    0.00    0.00    0.00    0.00   49.48
23:26:50      12    6.06    0.00   56.57    0.00    0.00    0.00    0.00    0.00    0.00   37.37
23:26:50      13    5.05    0.00   56.57    0.00    0.00    0.00    0.00    0.00    0.00   38.38
23:26:50      14    7.14    0.00   48.98    0.00    0.00    0.00    0.00    0.00    0.00   43.88
23:26:50      15    6.06    0.00   50.51    0.00    0.00    0.00    0.00    0.00    0.00   43.43
23:26:50      16    5.05    0.00   49.49    0.00    0.00    0.00    0.00    0.00    0.00   45.45
23:26:50      17    3.03    0.00   41.41    0.00    0.00    0.00    0.00    0.00    0.00   55.56
23:26:50      18    6.93    0.00   44.55    0.00    0.00    0.00    0.00    0.00    0.00   48.51
23:26:50      19    9.00    0.00   55.00    0.00    0.00    0.00    0.00    0.00    0.00   36.00

23:26:50     CPU    %usr   %nice    %sys %iowait    %irq   %soft  %steal  %guest  %gnice   %idle
23:26:51     all    6.45    0.00   49.14    0.00    0.00    0.40    0.00    0.00    0.00   44.01
23:26:51       0    5.77    0.00   49.04    0.00    0.00    3.85    0.00    0.00    0.00   41.35
23:26:51       1    3.96    0.00   45.54    0.00    0.00    2.97    0.00    0.00    0.00   47.52
23:26:51       2    5.00    0.00   46.00    0.00    0.00    0.00    0.00    0.00    0.00   49.00
23:26:51       3    3.03    0.00   47.47    0.00    0.00    0.00    0.00    0.00    0.00   49.49
23:26:51       4    4.08    0.00   52.04    0.00    0.00    0.00    0.00    0.00    0.00   43.88
23:26:51       5    4.08    0.00   53.06    0.00    0.00    0.00    0.00    0.00    0.00   42.86
23:26:51       6    6.12    0.00   52.04    0.00    0.00    0.00    0.00    0.00    0.00   41.84
23:26:51       7    4.04    0.00   54.55    0.00    0.00    0.00    0.00    0.00    0.00   41.41
23:26:51       8    7.07    0.00   55.56    0.00    0.00    0.00    0.00    0.00    0.00   37.37
23:26:51       9    6.06    0.00   39.39    0.00    0.00    0.00    0.00    0.00    0.00   54.55
23:26:51      10    6.06    0.00   54.55    0.00    0.00    0.00    0.00    0.00    0.00   39.39
23:26:51      11    2.00    0.00   44.00    0.00    0.00    0.00    0.00    0.00    0.00   54.00
23:26:51      12    9.00    0.00   50.00    0.00    0.00    1.00    0.00    0.00    0.00   40.00
23:26:51      13    3.03    0.00   48.48    0.00    0.00    0.00    0.00    0.00    0.00   48.48
23:26:51      14    4.00    0.00   52.00    0.00    0.00    0.00    0.00    0.00    0.00   44.00
23:26:51      15    7.07    0.00   57.58    0.00    0.00    0.00    0.00    0.00    0.00   35.35
23:26:51      16    5.05    0.00   46.46    0.00    0.00    0.00    0.00    0.00    0.00   48.48
23:26:51      17   33.67    0.00   30.61    0.00    0.00    0.00    0.00    0.00    0.00   35.71
23:26:51      18    6.12    0.00   56.12    0.00    0.00    0.00    0.00    0.00    0.00   37.76
23:26:51      19    4.04    0.00   48.48    0.00    0.00    0.00    0.00    0.00    0.00   47.47

23:26:51     CPU    %usr   %nice    %sys %iowait    %irq   %soft  %steal  %guest  %gnice   %idle
23:26:52     all    5.53    0.00   48.77    0.00    0.00    0.50    0.00    0.00    0.00   45.20
23:26:52       0    3.96    0.00   51.49    0.00    0.00    2.97    0.00    0.00    0.00   41.58
23:26:52       1    2.97    0.00   49.50    0.00    0.00    1.98    0.00    0.00    0.00   45.54
23:26:52       2   15.84    0.00   50.50    0.00    0.00    1.98    0.00    0.00    0.00   31.68
23:26:52       3    6.06    0.00   57.58    0.00    0.00    1.01    0.00    0.00    0.00   35.35
23:26:52       4    2.00    0.00   46.00    0.00    0.00    1.00    0.00    0.00    0.00   51.00
23:26:52       5    6.06    0.00   56.57    0.00    0.00    0.00    0.00    0.00    0.00   37.37
23:26:52       6    4.04    0.00   47.47    0.00    0.00    0.00    0.00    0.00    0.00   48.48
23:26:52       7    4.04    0.00   50.51    0.00    0.00    0.00    0.00    0.00    0.00   45.45
23:26:52       8    4.08    0.00   47.96    0.00    0.00    0.00    0.00    0.00    0.00   47.96
23:26:52       9    5.94    0.00   57.43    0.00    0.00    0.00    0.00    0.00    0.00   36.63
23:26:52      10   14.29    0.00   56.12    0.00    0.00    0.00    0.00    0.00    0.00   29.59
23:26:52      11    8.08    0.00   37.37    0.00    0.00    0.00    0.00    0.00    0.00   54.55
23:26:52      12    5.00    0.00   53.00    0.00    0.00    0.00    0.00    0.00    0.00   42.00
23:26:52      13    4.04    0.00   58.59    0.00    0.00    0.00    0.00    0.00    0.00   37.37
23:26:52      14    3.06    0.00   37.76    0.00    0.00    0.00    0.00    0.00    0.00   59.18
23:26:52      15    5.05    0.00   51.52    0.00    0.00    0.00    0.00    0.00    0.00   43.43
23:26:52      16    3.03    0.00   43.43    0.00    0.00    0.00    0.00    0.00    0.00   53.54
23:26:52      17    3.96    0.00   43.56    0.00    0.00    0.99    0.00    0.00    0.00   51.49
23:26:52      18    6.06    0.00   40.40    0.00    0.00    0.00    0.00    0.00    0.00   53.54
23:26:52      19    3.03    0.00   38.38    0.00    0.00    0.00    0.00    0.00    0.00   58.59

23:26:52     CPU    %usr   %nice    %sys %iowait    %irq   %soft  %steal  %guest  %gnice   %idle
23:26:53     all    5.32    0.00   50.20    0.00    0.00    0.70    0.00    0.00    0.00   43.78
23:26:53       0    3.92    0.00   50.98    0.00    0.00    3.92    0.00    0.00    0.00   41.18
23:26:53       1    3.96    0.00   52.48    0.00    0.00    2.97    0.00    0.00    0.00   40.59
23:26:53       2    4.95    0.00   49.50    0.00    0.00    1.98    0.00    0.00    0.00   43.56
23:26:53       3    9.00    0.00   51.00    0.00    0.00    1.00    0.00    0.00    0.00   39.00
23:26:53       4    5.00    0.00   53.00    0.00    0.00    1.00    0.00    0.00    0.00   41.00
23:26:53       5    2.04    0.00   42.86    0.00    0.00    0.00    0.00    0.00    0.00   55.10
23:26:53       6    6.06    0.00   52.53    0.00    0.00    0.00    0.00    0.00    0.00   41.41
23:26:53       7    8.00    0.00   57.00    0.00    0.00    1.00    0.00    0.00    0.00   34.00
23:26:53       8    5.05    0.00   49.49    0.00    0.00    0.00    0.00    0.00    0.00   45.45
23:26:53       9   13.00    0.00   57.00    0.00    0.00    0.00    0.00    0.00    0.00   30.00
23:26:53      10    3.92    0.00   41.18    0.00    0.00    0.98    0.00    0.00    0.00   53.92
23:26:53      11    3.00    0.00   42.00    0.00    0.00    1.00    0.00    0.00    0.00   54.00
23:26:53      12    6.06    0.00   52.53    0.00    0.00    0.00    0.00    0.00    0.00   41.41
23:26:53      13    5.05    0.00   50.51    0.00    0.00    0.00    0.00    0.00    0.00   44.44
23:26:53      14    5.05    0.00   46.46    0.00    0.00    0.00    0.00    0.00    0.00   48.48
23:26:53      15    4.08    0.00   47.96    0.00    0.00    0.00    0.00    0.00    0.00   47.96
23:26:53      16    6.06    0.00   51.52    0.00    0.00    0.00    0.00    0.00    0.00   42.42
23:26:53      17    4.04    0.00   50.51    0.00    0.00    0.00    0.00    0.00    0.00   45.45
23:26:53      18    3.03    0.00   54.55    0.00    0.00    0.00    0.00    0.00    0.00   42.42
23:26:53      19    5.00    0.00   51.00    0.00    0.00    0.00    0.00    0.00    0.00   44.00

23:26:53     CPU    %usr   %nice    %sys %iowait    %irq   %soft  %steal  %guest  %gnice   %idle
23:26:54     all    5.15    0.00   50.96    0.00    0.00    0.15    0.00    0.00    0.00   43.74
23:26:54       0    4.95    0.00   45.54    0.00    0.00    0.99    0.00    0.00    0.00   48.51
23:26:54       1    5.94    0.00   52.48    0.00    0.00    0.99    0.00    0.00    0.00   40.59
23:26:54       2    3.06    0.00   47.96    0.00    0.00    0.00    0.00    0.00    0.00   48.98
23:26:54       3    4.95    0.00   56.44    0.00    0.00    0.00    0.00    0.00    0.00   38.61
23:26:54       4    4.08    0.00   51.02    0.00    0.00    0.00    0.00    0.00    0.00   44.90
23:26:54       5    3.00    0.00   54.00    0.00    0.00    0.00    0.00    0.00    0.00   43.00
23:26:54       6    2.00    0.00   45.00    0.00    0.00    1.00    0.00    0.00    0.00   52.00
23:26:54       7    4.04    0.00   47.47    0.00    0.00    0.00    0.00    0.00    0.00   48.48
23:26:54       8    5.10    0.00   57.14    0.00    0.00    0.00    0.00    0.00    0.00   37.76
23:26:54       9    5.10    0.00   43.88    0.00    0.00    0.00    0.00    0.00    0.00   51.02
23:26:54      10    5.15    0.00   53.61    0.00    0.00    0.00    0.00    0.00    0.00   41.24
23:26:54      11    6.06    0.00   54.55    0.00    0.00    0.00    0.00    0.00    0.00   39.39
23:26:54      12    9.18    0.00   54.08    0.00    0.00    0.00    0.00    0.00    0.00   36.73
23:26:54      13    4.08    0.00   51.02    0.00    0.00    0.00    0.00    0.00    0.00   44.90
23:26:54      14    7.07    0.00   51.52    0.00    0.00    0.00    0.00    0.00    0.00   41.41
23:26:54      15    4.04    0.00   54.55    0.00    0.00    0.00    0.00    0.00    0.00   41.41
23:26:54      16    4.04    0.00   43.43    0.00    0.00    0.00    0.00    0.00    0.00   52.53
23:26:54      17    7.07    0.00   57.58    0.00    0.00    0.00    0.00    0.00    0.00   35.35
23:26:54      18    9.09    0.00   53.54    0.00    0.00    0.00    0.00    0.00    0.00   37.37
23:26:54      19    5.05    0.00   44.44    0.00    0.00    0.00    0.00    0.00    0.00   50.51

23:26:54     CPU    %usr   %nice    %sys %iowait    %irq   %soft  %steal  %guest  %gnice   %idle
23:26:55     all    5.69    0.00   49.37    0.00    0.00    0.40    0.00    0.00    0.00   44.54
23:26:55       0    2.97    0.00   43.56    0.00    0.00    2.97    0.00    0.00    0.00   50.50
23:26:55       1    3.96    0.00   41.58    0.00    0.00    1.98    0.00    0.00    0.00   52.48
23:26:55       2    5.00    0.00   54.00    0.00    0.00    1.00    0.00    0.00    0.00   40.00
23:26:55       3    4.00    0.00   55.00    0.00    0.00    2.00    0.00    0.00    0.00   39.00
23:26:55       4    4.08    0.00   55.10    0.00    0.00    0.00    0.00    0.00    0.00   40.82
23:26:55       5    7.07    0.00   59.60    0.00    0.00    0.00    0.00    0.00    0.00   33.33
23:26:55       6    3.06    0.00   53.06    0.00    0.00    0.00    0.00    0.00    0.00   43.88
23:26:55       7    4.04    0.00   44.44    0.00    0.00    0.00    0.00    0.00    0.00   51.52
23:26:55       8    5.00    0.00   47.00    0.00    0.00    0.00    0.00    0.00    0.00   48.00
23:26:55       9    4.04    0.00   40.40    0.00    0.00    0.00    0.00    0.00    0.00   55.56
23:26:55      10    4.04    0.00   48.48    0.00    0.00    0.00    0.00    0.00    0.00   47.47
23:26:55      11    5.05    0.00   54.55    0.00    0.00    0.00    0.00    0.00    0.00   40.40
23:26:55      12    4.00    0.00   49.00    0.00    0.00    0.00    0.00    0.00    0.00   47.00
23:26:55      13    4.00    0.00   42.00    0.00    0.00    0.00    0.00    0.00    0.00   54.00
23:26:55      14   10.20    0.00   55.10    0.00    0.00    0.00    0.00    0.00    0.00   34.69
23:26:55      15    6.00    0.00   49.00    0.00    0.00    0.00    0.00    0.00    0.00   45.00
23:26:55      16    4.04    0.00   54.55    0.00    0.00    0.00    0.00    0.00    0.00   41.41
23:26:55      17   28.00    0.00   42.00    0.00    0.00    0.00    0.00    0.00    0.00   30.00
23:26:55      18    3.06    0.00   50.00    0.00    0.00    0.00    0.00    0.00    0.00   46.94
23:26:55      19    2.02    0.00   49.49    0.00    0.00    0.00    0.00    0.00    0.00   48.48

23:26:55     CPU    %usr   %nice    %sys %iowait    %irq   %soft  %steal  %guest  %gnice   %idle
23:26:56     all    5.78    0.00   49.50    0.00    0.00    0.45    0.00    0.00    0.00   44.27
23:26:56       0    7.77    0.00   59.22    0.00    0.00    3.88    0.00    0.00    0.00   29.13
23:26:56       1    3.96    0.00   47.52    0.00    0.00    1.98    0.00    0.00    0.00   46.53
23:26:56       2    4.90    0.00   49.02    0.00    0.00    2.94    0.00    0.00    0.00   43.14
23:26:56       3    4.00    0.00   52.00    0.00    0.00    0.00    0.00    0.00    0.00   44.00
23:26:56       4    4.00    0.00   48.00    0.00    0.00    0.00    0.00    0.00    0.00   48.00
23:26:56       5    3.06    0.00   50.00    0.00    0.00    0.00    0.00    0.00    0.00   46.94
23:26:56       6    3.00    0.00   53.00    0.00    0.00    0.00    0.00    0.00    0.00   44.00
23:26:56       7    3.03    0.00   47.47    0.00    0.00    0.00    0.00    0.00    0.00   49.49
23:26:56       8    2.04    0.00   52.04    0.00    0.00    0.00    0.00    0.00    0.00   45.92
23:26:56       9    5.05    0.00   52.53    0.00    0.00    0.00    0.00    0.00    0.00   42.42
23:26:56      10    4.00    0.00   45.00    0.00    0.00    0.00    0.00    0.00    0.00   51.00
23:26:56      11    9.09    0.00   56.57    0.00    0.00    0.00    0.00    0.00    0.00   34.34
23:26:56      12    2.04    0.00   39.80    0.00    0.00    0.00    0.00    0.00    0.00   58.16
23:26:56      13    5.10    0.00   51.02    0.00    0.00    0.00    0.00    0.00    0.00   43.88
23:26:56      14    4.00    0.00   49.00    0.00    0.00    0.00    0.00    0.00    0.00   47.00
23:26:56      15    4.08    0.00   51.02    0.00    0.00    0.00    0.00    0.00    0.00   44.90
23:26:56      16    4.08    0.00   53.06    0.00    0.00    0.00    0.00    0.00    0.00   42.86
23:26:56      17   33.33    0.00   40.40    0.00    0.00    0.00    0.00    0.00    0.00   26.26
23:26:56      18    6.06    0.00   52.53    0.00    0.00    0.00    0.00    0.00    0.00   41.41
23:26:56      19    3.03    0.00   40.40    0.00    0.00    0.00    0.00    0.00    0.00   56.57

Average:     CPU    %usr   %nice    %sys %iowait    %irq   %soft  %steal  %guest  %gnice   %idle
Average:     all    5.58    0.00   49.84    0.00    0.00    0.43    0.00    0.00    0.00   44.15
Average:       0    5.38    0.00   46.63    0.00    0.00    3.32    0.00    0.00    0.00   44.67
Average:       1    5.25    0.00   48.66    0.00    0.00    1.88    0.00    0.00    0.00   44.20
Average:       2    5.90    0.00   49.20    0.00    0.00    1.20    0.00    0.00    0.00   43.70
Average:       3    4.50    0.00   51.60    0.00    0.00    0.70    0.00    0.00    0.00   43.20
Average:       4    4.33    0.00   52.12    0.00    0.00    0.40    0.00    0.00    0.00   43.15
Average:       5    4.55    0.00   52.32    0.00    0.00    0.10    0.00    0.00    0.00   43.03
Average:       6    4.54    0.00   52.32    0.00    0.00    0.20    0.00    0.00    0.00   42.94
Average:       7    4.74    0.00   50.91    0.00    0.00    0.10    0.00    0.00    0.00   44.25
Average:       8    5.17    0.00   50.66    0.00    0.00    0.00    0.00    0.00    0.00   44.17
Average:       9    5.84    0.00   50.35    0.00    0.00    0.00    0.00    0.00    0.00   43.81
Average:      10    5.95    0.00   49.24    0.00    0.00    0.10    0.00    0.00    0.00   44.70
Average:      11    5.96    0.00   48.18    0.00    0.00    0.10    0.00    0.00    0.00   45.76
Average:      12    5.85    0.00   49.60    0.00    0.00    0.10    0.00    0.00    0.00   44.46
Average:      13    4.75    0.00   52.22    0.00    0.00    0.00    0.00    0.00    0.00   43.03
Average:      14    5.66    0.00   49.80    0.00    0.00    0.00    0.00    0.00    0.00   44.55
Average:      15    5.76    0.00   51.57    0.00    0.00    0.00    0.00    0.00    0.00   42.67
Average:      16    5.15    0.00   50.20    0.00    0.00    0.10    0.00    0.00    0.00   44.55
Average:      17   12.39    0.00   45.22    0.00    0.00    0.10    0.00    0.00    0.00   42.30
Average:      18    5.56    0.00   48.38    0.00    0.00    0.00    0.00    0.00    0.00   46.06
Average:      19    4.34    0.00   47.83    0.00    0.00    0.00    0.00    0.00    0.00   47.83
