Linux 6.8.0-138-generic (snapshots-gpu-mi300x1-192gb-devcloud-atl1) 	10/06/26 	_x86_64_	(20 CPU)

18:21:19     CPU    %usr   %nice    %sys %iowait    %irq   %soft  %steal  %guest  %gnice   %idle
18:21:20     all    5.71    0.00   81.52    0.00    0.00    0.05    0.00    0.00    0.00   12.72
18:21:20       0    0.00    0.00   94.06    0.00    0.00    0.00    0.00    0.00    0.00    5.94
18:21:20       1    0.00    0.00  100.00    0.00    0.00    0.00    0.00    0.00    0.00    0.00
18:21:20       2    0.00    0.00   92.00    0.00    0.00    0.00    0.00    0.00    0.00    8.00
18:21:20       3    0.00    0.00  100.00    0.00    0.00    0.00    0.00    0.00    0.00    0.00
18:21:20       4    0.00    0.00  100.00    0.00    0.00    0.00    0.00    0.00    0.00    0.00
18:21:20       5    0.00    0.00  100.00    0.00    0.00    0.00    0.00    0.00    0.00    0.00
18:21:20       6   98.99    0.00    1.01    0.00    0.00    0.00    0.00    0.00    0.00    0.00
18:21:20       7    0.00    0.00   55.10    0.00    0.00    0.00    0.00    0.00    0.00   44.90
18:21:20       8    0.00    0.00   24.00    0.00    0.00    1.00    0.00    0.00    0.00   75.00
18:21:20       9    0.00    0.00   49.00    0.00    0.00    0.00    0.00    0.00    0.00   51.00
18:21:20      10    0.00    0.00  100.00    0.00    0.00    0.00    0.00    0.00    0.00    0.00
18:21:20      11    0.00    0.00   82.00    0.00    0.00    0.00    0.00    0.00    0.00   18.00
18:21:20      12   16.00    0.00   82.00    0.00    0.00    0.00    0.00    0.00    0.00    2.00
18:21:20      13    0.00    0.00  100.00    0.00    0.00    0.00    0.00    0.00    0.00    0.00
18:21:20      14    0.00    0.00   96.00    0.00    0.00    0.00    0.00    0.00    0.00    4.00
18:21:20      15    0.00    0.00  100.00    0.00    0.00    0.00    0.00    0.00    0.00    0.00
18:21:20      16    0.00    0.00   82.00    0.00    0.00    0.00    0.00    0.00    0.00   18.00
18:21:20      17    0.00    0.00  100.00    0.00    0.00    0.00    0.00    0.00    0.00    0.00
18:21:20      18    0.00    0.00   77.00    0.00    0.00    0.00    0.00    0.00    0.00   23.00
18:21:20      19    0.00    0.00   95.00    0.00    0.00    0.00    0.00    0.00    0.00    5.00

18:21:20     CPU    %usr   %nice    %sys %iowait    %irq   %soft  %steal  %guest  %gnice   %idle
18:21:21     all    4.94    0.00   80.08    0.00    0.00    0.00    0.00    0.00    0.00   14.98
18:21:21       0    0.00    0.00   64.00    0.00    0.00    0.00    0.00    0.00    0.00   36.00
18:21:21       1    0.00    0.00  100.00    0.00    0.00    0.00    0.00    0.00    0.00    0.00
18:21:21       2    0.00    0.00   67.00    0.00    0.00    0.00    0.00    0.00    0.00   33.00
18:21:21       3    0.00    0.00   96.00    0.00    0.00    0.00    0.00    0.00    0.00    4.00
18:21:21       4    0.00    0.00   94.00    0.00    0.00    0.00    0.00    0.00    0.00    6.00
18:21:21       5    0.00    0.00   91.09    0.00    0.00    0.00    0.00    0.00    0.00    8.91
18:21:21       6   98.02    0.00    1.98    0.00    0.00    0.00    0.00    0.00    0.00    0.00
18:21:21       7    0.00    0.00   76.24    0.00    0.00    0.00    0.00    0.00    0.00   23.76
18:21:21       8    0.00    0.00   49.00    0.00    0.00    0.00    0.00    0.00    0.00   51.00
18:21:21       9    0.00    0.00   96.97    0.00    0.00    0.00    0.00    0.00    0.00    3.03
18:21:21      10    0.00    0.00  100.00    0.00    0.00    0.00    0.00    0.00    0.00    0.00
18:21:21      11    0.00    0.00   83.84    0.00    0.00    0.00    0.00    0.00    0.00   16.16
18:21:21      12    0.00    0.00   74.00    0.00    0.00    0.00    0.00    0.00    0.00   26.00
18:21:21      13    0.00    0.00   86.00    0.00    0.00    0.00    0.00    0.00    0.00   14.00
18:21:21      14    0.00    0.00   74.26    0.00    0.00    0.00    0.00    0.00    0.00   25.74
18:21:21      15    0.00    0.00   96.00    0.00    0.00    0.00    0.00    0.00    0.00    4.00
18:21:21      16    0.00    0.00   70.00    0.00    0.00    0.00    0.00    0.00    0.00   30.00
18:21:21      17    0.00    0.00   96.00    0.00    0.00    0.00    0.00    0.00    0.00    4.00
18:21:21      18    0.00    0.00   99.00    0.00    0.00    0.00    0.00    0.00    0.00    1.00
18:21:21      19    0.00    0.00   87.00    0.00    0.00    0.00    0.00    0.00    0.00   13.00

18:21:21     CPU    %usr   %nice    %sys %iowait    %irq   %soft  %steal  %guest  %gnice   %idle
18:21:22     all    4.95    0.00   80.08    0.00    0.00    0.00    0.00    0.00    0.00   14.96
18:21:22       0    0.00    0.00   66.00    0.00    0.00    0.00    0.00    0.00    0.00   34.00
18:21:22       1    0.00    0.00   91.92    0.00    0.00    0.00    0.00    0.00    0.00    8.08
18:21:22       2    0.00    0.00   73.00    0.00    0.00    0.00    0.00    0.00    0.00   27.00
18:21:22       3    0.00    0.00   48.00    0.00    0.00    0.00    0.00    0.00    0.00   52.00
18:21:22       4    0.00    0.00  100.00    0.00    0.00    0.00    0.00    0.00    0.00    0.00
18:21:22       5    0.00    0.00  100.00    0.00    0.00    0.00    0.00    0.00    0.00    0.00
18:21:22       6   99.00    0.00    1.00    0.00    0.00    0.00    0.00    0.00    0.00    0.00
18:21:22       7    0.00    0.00   64.00    0.00    0.00    0.00    0.00    0.00    0.00   36.00
18:21:22       8    0.00    0.00   93.00    0.00    0.00    0.00    0.00    0.00    0.00    7.00
18:21:22       9    0.00    0.00   93.07    0.00    0.00    0.00    0.00    0.00    0.00    6.93
18:21:22      10    0.00    0.00   64.65    0.00    0.00    0.00    0.00    0.00    0.00   35.35
18:21:22      11    0.00    0.00   91.09    0.00    0.00    0.00    0.00    0.00    0.00    8.91
18:21:22      12    0.00    0.00   80.00    0.00    0.00    0.00    0.00    0.00    0.00   20.00
18:21:22      13    0.00    0.00  100.00    0.00    0.00    0.00    0.00    0.00    0.00    0.00
18:21:22      14    0.00    0.00   58.00    0.00    0.00    0.00    0.00    0.00    0.00   42.00
18:21:22      15    0.00    0.00  100.00    0.00    0.00    0.00    0.00    0.00    0.00    0.00
18:21:22      16    0.00    0.00  100.00    0.00    0.00    0.00    0.00    0.00    0.00    0.00
18:21:22      17    0.00    0.00   83.84    0.00    0.00    0.00    0.00    0.00    0.00   16.16
18:21:22      18    0.00    0.00  100.00    0.00    0.00    0.00    0.00    0.00    0.00    0.00
18:21:22      19    0.00    0.00   94.00    0.00    0.00    0.00    0.00    0.00    0.00    6.00

18:21:22     CPU    %usr   %nice    %sys %iowait    %irq   %soft  %steal  %guest  %gnice   %idle
18:21:23     all    4.90    0.00   80.14    0.00    0.00    0.00    0.00    0.00    0.00   14.96
18:21:23       0    0.00    0.00   94.00    0.00    0.00    0.00    0.00    0.00    0.00    6.00
18:21:23       1    0.00    0.00   76.00    0.00    0.00    0.00    0.00    0.00    0.00   24.00
18:21:23       2    0.00    0.00   99.00    0.00    0.00    0.00    0.00    0.00    0.00    1.00
18:21:23       3    0.00    0.00  100.00    0.00    0.00    0.00    0.00    0.00    0.00    0.00
18:21:23       4    0.00    0.00   88.12    0.00    0.00    0.00    0.00    0.00    0.00   11.88
18:21:23       5    0.00    0.00   74.00    0.00    0.00    0.00    0.00    0.00    0.00   26.00
18:21:23       6   98.99    0.00    1.01    0.00    0.00    0.00    0.00    0.00    0.00    0.00
18:21:23       7    0.00    0.00   62.00    0.00    0.00    0.00    0.00    0.00    0.00   38.00
18:21:23       8    0.00    0.00   80.00    0.00    0.00    0.00    0.00    0.00    0.00   20.00
18:21:23       9    0.00    0.00   81.82    0.00    0.00    0.00    0.00    0.00    0.00   18.18
18:21:23      10    0.00    0.00   94.00    0.00    0.00    0.00    0.00    0.00    0.00    6.00
18:21:23      11    0.00    0.00   96.00    0.00    0.00    0.00    0.00    0.00    0.00    4.00
18:21:23      12    0.00    0.00   82.00    0.00    0.00    0.00    0.00    0.00    0.00   18.00
18:21:23      13    0.00    0.00  100.00    0.00    0.00    0.00    0.00    0.00    0.00    0.00
18:21:23      14    0.00    0.00   66.00    0.00    0.00    0.00    0.00    0.00    0.00   34.00
18:21:23      15    0.00    0.00  100.00    0.00    0.00    0.00    0.00    0.00    0.00    0.00
18:21:23      16    0.00    0.00   84.00    0.00    0.00    0.00    0.00    0.00    0.00   16.00
18:21:23      17    0.00    0.00   90.00    0.00    0.00    0.00    0.00    0.00    0.00   10.00
18:21:23      18    0.00    0.00   46.00    0.00    0.00    0.00    0.00    0.00    0.00   54.00
18:21:23      19    0.00    0.00   88.00    0.00    0.00    0.00    0.00    0.00    0.00   12.00

18:21:23     CPU    %usr   %nice    %sys %iowait    %irq   %soft  %steal  %guest  %gnice   %idle
18:21:24     all    4.91    0.00   77.10    0.00    0.00    0.00    0.00    0.00    0.00   17.99
18:21:24       0    1.00    0.00   76.00    0.00    0.00    0.00    0.00    0.00    0.00   23.00
18:21:24       1    0.00    0.00   78.00    0.00    0.00    0.00    0.00    0.00    0.00   22.00
18:21:24       2    0.00    0.00   64.65    0.00    0.00    0.00    0.00    0.00    0.00   35.35
18:21:24       3    0.00    0.00   61.62    0.00    0.00    0.00    0.00    0.00    0.00   38.38
18:21:24       4    0.00    0.00   93.00    0.00    0.00    0.00    0.00    0.00    0.00    7.00
18:21:24       5   35.35    0.00   36.36    0.00    0.00    0.00    0.00    0.00    0.00   28.28
18:21:24       6   61.39    0.00   38.61    0.00    0.00    0.00    0.00    0.00    0.00    0.00
18:21:24       7    0.00    0.00   55.56    0.00    0.00    0.00    0.00    0.00    0.00   44.44
18:21:24       8    0.00    0.00   96.00    0.00    0.00    0.00    0.00    0.00    0.00    4.00
18:21:24       9    0.00    0.00   92.00    0.00    0.00    0.00    0.00    0.00    0.00    8.00
18:21:24      10    0.00    0.00   48.00    0.00    0.00    0.00    0.00    0.00    0.00   52.00
18:21:24      11    0.00    0.00   93.94    0.00    0.00    0.00    0.00    0.00    0.00    6.06
18:21:24      12    0.00    0.00   96.00    0.00    0.00    0.00    0.00    0.00    0.00    4.00
18:21:24      13    0.00    0.00   96.00    0.00    0.00    0.00    0.00    0.00    0.00    4.00
18:21:24      14    0.00    0.00   97.98    0.00    0.00    0.00    0.00    0.00    0.00    2.02
18:21:24      15    0.00    0.00   79.00    0.00    0.00    0.00    0.00    0.00    0.00   21.00
18:21:24      16    0.00    0.00   96.00    0.00    0.00    0.00    0.00    0.00    0.00    4.00
18:21:24      17    0.00    0.00   73.27    0.00    0.00    0.00    0.00    0.00    0.00   26.73
18:21:24      18    0.00    0.00   90.00    0.00    0.00    0.00    0.00    0.00    0.00   10.00
18:21:24      19    0.00    0.00   80.00    0.00    0.00    0.00    0.00    0.00    0.00   20.00

Average:     CPU    %usr   %nice    %sys %iowait    %irq   %soft  %steal  %guest  %gnice   %idle
Average:     all    5.08    0.00   79.79    0.00    0.00    0.01    0.00    0.00    0.00   15.12
Average:       0    0.20    0.00   78.84    0.00    0.00    0.00    0.00    0.00    0.00   20.96
Average:       1    0.00    0.00   89.18    0.00    0.00    0.00    0.00    0.00    0.00   10.82
Average:       2    0.00    0.00   79.16    0.00    0.00    0.00    0.00    0.00    0.00   20.84
Average:       3    0.00    0.00   81.16    0.00    0.00    0.00    0.00    0.00    0.00   18.84
Average:       4    0.00    0.00   95.00    0.00    0.00    0.00    0.00    0.00    0.00    5.00
Average:       5    7.00    0.00   80.40    0.00    0.00    0.00    0.00    0.00    0.00   12.60
Average:       6   91.20    0.00    8.80    0.00    0.00    0.00    0.00    0.00    0.00    0.00
Average:       7    0.00    0.00   62.65    0.00    0.00    0.00    0.00    0.00    0.00   37.35
Average:       8    0.00    0.00   68.40    0.00    0.00    0.20    0.00    0.00    0.00   31.40
Average:       9    0.00    0.00   82.57    0.00    0.00    0.00    0.00    0.00    0.00   17.43
Average:      10    0.00    0.00   81.36    0.00    0.00    0.00    0.00    0.00    0.00   18.64
Average:      11    0.00    0.00   89.38    0.00    0.00    0.00    0.00    0.00    0.00   10.62
Average:      12    3.20    0.00   82.80    0.00    0.00    0.00    0.00    0.00    0.00   14.00
Average:      13    0.00    0.00   96.40    0.00    0.00    0.00    0.00    0.00    0.00    3.60
Average:      14    0.00    0.00   78.40    0.00    0.00    0.00    0.00    0.00    0.00   21.60
Average:      15    0.00    0.00   95.00    0.00    0.00    0.00    0.00    0.00    0.00    5.00
Average:      16    0.00    0.00   86.40    0.00    0.00    0.00    0.00    0.00    0.00   13.60
Average:      17    0.00    0.00   88.60    0.00    0.00    0.00    0.00    0.00    0.00   11.40
Average:      18    0.00    0.00   82.40    0.00    0.00    0.00    0.00    0.00    0.00   17.60
Average:      19    0.00    0.00   88.80    0.00    0.00    0.00    0.00    0.00    0.00   11.20
