Linux 6.8.0-138-generic (snapshots-gpu-mi300x1-192gb-devcloud-atl1) 	10/06/26 	_x86_64_	(20 CPU)

23:47:21     CPU    %usr   %nice    %sys %iowait    %irq   %soft  %steal  %guest  %gnice   %idle
23:47:22     all    4.07    0.00   42.33    0.00    0.00    0.55    0.00    0.00    0.00   53.04
23:47:22       0    4.81    0.00   40.38    0.00    0.00    3.85    0.00    0.00    0.00   50.96
23:47:22       1    3.92    0.00   43.14    0.00    0.00    2.94    0.00    0.00    0.00   50.00
23:47:22       2    3.96    0.00   35.64    0.00    0.00    1.98    0.00    0.00    0.00   58.42
23:47:22       3    4.00    0.00   40.00    0.00    0.00    0.00    0.00    0.00    0.00   56.00
23:47:22       4    4.04    0.00   38.38    0.00    0.00    0.00    0.00    0.00    0.00   57.58
23:47:22       5    6.00    0.00   43.00    0.00    0.00    1.00    0.00    0.00    0.00   50.00
23:47:22       6    4.90    0.00   36.27    0.00    0.00    0.98    0.00    0.00    0.00   57.84
23:47:22       7    5.05    0.00   48.48    0.00    0.00    0.00    0.00    0.00    0.00   46.46
23:47:22       8    3.06    0.00   46.94    0.00    0.00    0.00    0.00    0.00    0.00   50.00
23:47:22       9    3.06    0.00   44.90    0.00    0.00    0.00    0.00    0.00    0.00   52.04
23:47:22      10    3.03    0.00   46.46    0.00    0.00    0.00    0.00    0.00    0.00   50.51
23:47:22      11    4.00    0.00   42.00    0.00    0.00    0.00    0.00    0.00    0.00   54.00
23:47:22      12    4.08    0.00   39.80    0.00    0.00    0.00    0.00    0.00    0.00   56.12
23:47:22      13    4.08    0.00   44.90    0.00    0.00    0.00    0.00    0.00    0.00   51.02
23:47:22      14    3.06    0.00   42.86    0.00    0.00    0.00    0.00    0.00    0.00   54.08
23:47:22      15    5.15    0.00   50.52    0.00    0.00    0.00    0.00    0.00    0.00   44.33
23:47:22      16    3.03    0.00   42.42    0.00    0.00    0.00    0.00    0.00    0.00   54.55
23:47:22      17    3.06    0.00   34.69    0.00    0.00    0.00    0.00    0.00    0.00   62.24
23:47:22      18    5.05    0.00   44.44    0.00    0.00    0.00    0.00    0.00    0.00   50.51
23:47:22      19    4.00    0.00   42.00    0.00    0.00    0.00    0.00    0.00    0.00   54.00

23:47:22     CPU    %usr   %nice    %sys %iowait    %irq   %soft  %steal  %guest  %gnice   %idle
23:47:23     all    3.63    0.00   42.97    0.00    0.00    0.60    0.00    0.00    0.00   52.80
23:47:23       0    4.85    0.00   45.63    0.00    0.00    4.85    0.00    0.00    0.00   44.66
23:47:23       1    1.98    0.00   32.67    0.00    0.00    2.97    0.00    0.00    0.00   62.38
23:47:23       2    3.96    0.00   45.54    0.00    0.00    1.98    0.00    0.00    0.00   48.51
23:47:23       3    5.00    0.00   44.00    0.00    0.00    1.00    0.00    0.00    0.00   50.00
23:47:23       4    4.08    0.00   46.94    0.00    0.00    0.00    0.00    0.00    0.00   48.98
23:47:23       5    3.03    0.00   46.46    0.00    0.00    0.00    0.00    0.00    0.00   50.51
23:47:23       6    3.09    0.00   45.36    0.00    0.00    0.00    0.00    0.00    0.00   51.55
23:47:23       7    7.00    0.00   42.00    0.00    0.00    0.00    0.00    0.00    0.00   51.00
23:47:23       8    3.03    0.00   44.44    0.00    0.00    0.00    0.00    0.00    0.00   52.53
23:47:23       9    3.03    0.00   49.49    0.00    0.00    1.01    0.00    0.00    0.00   46.46
23:47:23      10    3.03    0.00   29.29    0.00    0.00    0.00    0.00    0.00    0.00   67.68
23:47:23      11    3.06    0.00   42.86    0.00    0.00    0.00    0.00    0.00    0.00   54.08
23:47:23      12    5.05    0.00   46.46    0.00    0.00    0.00    0.00    0.00    0.00   48.48
23:47:23      13    3.00    0.00   46.00    0.00    0.00    0.00    0.00    0.00    0.00   51.00
23:47:23      14    3.00    0.00   47.00    0.00    0.00    0.00    0.00    0.00    0.00   50.00
23:47:23      15    2.04    0.00   45.92    0.00    0.00    0.00    0.00    0.00    0.00   52.04
23:47:23      16    4.08    0.00   42.86    0.00    0.00    0.00    0.00    0.00    0.00   53.06
23:47:23      17    2.00    0.00   29.00    0.00    0.00    0.00    0.00    0.00    0.00   69.00
23:47:23      18    5.10    0.00   45.92    0.00    0.00    0.00    0.00    0.00    0.00   48.98
23:47:23      19    3.06    0.00   41.84    0.00    0.00    0.00    0.00    0.00    0.00   55.10

23:47:23     CPU    %usr   %nice    %sys %iowait    %irq   %soft  %steal  %guest  %gnice   %idle
23:47:24     all    3.92    0.00   41.78    0.00    0.00    0.45    0.00    0.00    0.00   53.85
23:47:24       0    4.85    0.00   40.78    0.00    0.00    3.88    0.00    0.00    0.00   50.49
23:47:24       1    4.95    0.00   43.56    0.00    0.00    1.98    0.00    0.00    0.00   49.50
23:47:24       2    3.96    0.00   42.57    0.00    0.00    1.98    0.00    0.00    0.00   51.49
23:47:24       3    3.06    0.00   43.88    0.00    0.00    1.02    0.00    0.00    0.00   52.04
23:47:24       4    3.03    0.00   41.41    0.00    0.00    0.00    0.00    0.00    0.00   55.56
23:47:24       5    4.04    0.00   40.40    0.00    0.00    0.00    0.00    0.00    0.00   55.56
23:47:24       6    1.01    0.00   40.40    0.00    0.00    0.00    0.00    0.00    0.00   58.59
23:47:24       7    3.06    0.00   44.90    0.00    0.00    0.00    0.00    0.00    0.00   52.04
23:47:24       8    5.05    0.00   45.45    0.00    0.00    0.00    0.00    0.00    0.00   49.49
23:47:24       9    5.00    0.00   38.00    0.00    0.00    0.00    0.00    0.00    0.00   57.00
23:47:24      10    4.04    0.00   40.40    0.00    0.00    0.00    0.00    0.00    0.00   55.56
23:47:24      11    5.00    0.00   39.00    0.00    0.00    0.00    0.00    0.00    0.00   56.00
23:47:24      12    3.03    0.00   54.55    0.00    0.00    0.00    0.00    0.00    0.00   42.42
23:47:24      13    3.03    0.00   34.34    0.00    0.00    0.00    0.00    0.00    0.00   62.63
23:47:24      14    5.05    0.00   48.48    0.00    0.00    0.00    0.00    0.00    0.00   46.46
23:47:24      15    2.00    0.00   36.00    0.00    0.00    0.00    0.00    0.00    0.00   62.00
23:47:24      16    4.00    0.00   42.00    0.00    0.00    0.00    0.00    0.00    0.00   54.00
23:47:24      17    3.06    0.00   34.69    0.00    0.00    0.00    0.00    0.00    0.00   62.24
23:47:24      18    5.05    0.00   41.41    0.00    0.00    0.00    0.00    0.00    0.00   53.54
23:47:24      19    6.06    0.00   43.43    0.00    0.00    0.00    0.00    0.00    0.00   50.51

23:47:24     CPU    %usr   %nice    %sys %iowait    %irq   %soft  %steal  %guest  %gnice   %idle
23:47:25     all    4.14    0.00   44.30    0.00    0.00    0.50    0.00    0.00    0.00   51.06
23:47:25       0    2.91    0.00   37.86    0.00    0.00    3.88    0.00    0.00    0.00   55.34
23:47:25       1    3.92    0.00   45.10    0.00    0.00    2.94    0.00    0.00    0.00   48.04
23:47:25       2    4.00    0.00   47.00    0.00    0.00    1.00    0.00    0.00    0.00   48.00
23:47:25       3    6.93    0.00   48.51    0.00    0.00    0.99    0.00    0.00    0.00   43.56
23:47:25       4    4.04    0.00   44.44    0.00    0.00    1.01    0.00    0.00    0.00   50.51
23:47:25       5    6.12    0.00   40.82    0.00    0.00    0.00    0.00    0.00    0.00   53.06
23:47:25       6    5.00    0.00   40.00    0.00    0.00    0.00    0.00    0.00    0.00   55.00
23:47:25       7    5.10    0.00   47.96    0.00    0.00    0.00    0.00    0.00    0.00   46.94
23:47:25       8    3.06    0.00   44.90    0.00    0.00    0.00    0.00    0.00    0.00   52.04
23:47:25       9    2.06    0.00   48.45    0.00    0.00    0.00    0.00    0.00    0.00   49.48
23:47:25      10    4.08    0.00   37.76    0.00    0.00    0.00    0.00    0.00    0.00   58.16
23:47:25      11    3.06    0.00   46.94    0.00    0.00    0.00    0.00    0.00    0.00   50.00
23:47:25      12    3.06    0.00   45.92    0.00    0.00    0.00    0.00    0.00    0.00   51.02
23:47:25      13    5.05    0.00   41.41    0.00    0.00    0.00    0.00    0.00    0.00   53.54
23:47:25      14    4.04    0.00   47.47    0.00    0.00    0.00    0.00    0.00    0.00   48.48
23:47:25      15    4.08    0.00   46.94    0.00    0.00    0.00    0.00    0.00    0.00   48.98
23:47:25      16    3.06    0.00   42.86    0.00    0.00    0.00    0.00    0.00    0.00   54.08
23:47:25      17    6.00    0.00   41.00    0.00    0.00    0.00    0.00    0.00    0.00   53.00
23:47:25      18    4.00    0.00   44.00    0.00    0.00    0.00    0.00    0.00    0.00   52.00
23:47:25      19    3.06    0.00   46.94    0.00    0.00    0.00    0.00    0.00    0.00   50.00

23:47:25     CPU    %usr   %nice    %sys %iowait    %irq   %soft  %steal  %guest  %gnice   %idle
23:47:26     all    4.18    0.00   44.24    0.00    0.00    0.60    0.00    0.00    0.00   50.98
23:47:26       0    2.94    0.00   44.12    0.00    0.00    3.92    0.00    0.00    0.00   49.02
23:47:26       1    4.85    0.00   41.75    0.00    0.00    2.91    0.00    0.00    0.00   50.49
23:47:26       2    3.96    0.00   45.54    0.00    0.00    0.99    0.00    0.00    0.00   49.50
23:47:26       3    2.00    0.00   46.00    0.00    0.00    2.00    0.00    0.00    0.00   50.00
23:47:26       4    3.00    0.00   39.00    0.00    0.00    1.00    0.00    0.00    0.00   57.00
23:47:26       5    4.00    0.00   41.00    0.00    0.00    1.00    0.00    0.00    0.00   54.00
23:47:26       6    7.14    0.00   51.02    0.00    0.00    0.00    0.00    0.00    0.00   41.84
23:47:26       7    4.00    0.00   41.00    0.00    0.00    0.00    0.00    0.00    0.00   55.00
23:47:26       8    4.04    0.00   43.43    0.00    0.00    0.00    0.00    0.00    0.00   52.53
23:47:26       9    4.08    0.00   47.96    0.00    0.00    0.00    0.00    0.00    0.00   47.96
23:47:26      10    3.06    0.00   50.00    0.00    0.00    0.00    0.00    0.00    0.00   46.94
23:47:26      11    5.10    0.00   41.84    0.00    0.00    0.00    0.00    0.00    0.00   53.06
23:47:26      12    2.02    0.00   40.40    0.00    0.00    0.00    0.00    0.00    0.00   57.58
23:47:26      13    6.06    0.00   44.44    0.00    0.00    0.00    0.00    0.00    0.00   49.49
23:47:26      14    4.04    0.00   44.44    0.00    0.00    0.00    0.00    0.00    0.00   51.52
23:47:26      15    4.04    0.00   43.43    0.00    0.00    0.00    0.00    0.00    0.00   52.53
23:47:26      16    5.05    0.00   39.39    0.00    0.00    0.00    0.00    0.00    0.00   55.56
23:47:26      17    6.06    0.00   45.45    0.00    0.00    0.00    0.00    0.00    0.00   48.48
23:47:26      18    3.06    0.00   46.94    0.00    0.00    0.00    0.00    0.00    0.00   50.00
23:47:26      19    5.10    0.00   47.96    0.00    0.00    0.00    0.00    0.00    0.00   46.94

23:47:26     CPU    %usr   %nice    %sys %iowait    %irq   %soft  %steal  %guest  %gnice   %idle
23:47:27     all    3.69    0.00   43.26    0.00    0.00    0.40    0.00    0.00    0.00   52.65
23:47:27       0    2.94    0.00   41.18    0.00    0.00    2.94    0.00    0.00    0.00   52.94
23:47:27       1    2.02    0.00   46.46    0.00    0.00    2.02    0.00    0.00    0.00   49.49
23:47:27       2    2.00    0.00   43.00    0.00    0.00    2.00    0.00    0.00    0.00   53.00
23:47:27       3    3.03    0.00   41.41    0.00    0.00    1.01    0.00    0.00    0.00   54.55
23:47:27       4    3.03    0.00   40.40    0.00    0.00    0.00    0.00    0.00    0.00   56.57
23:47:27       5    3.06    0.00   35.71    0.00    0.00    0.00    0.00    0.00    0.00   61.22
23:47:27       6    5.10    0.00   43.88    0.00    0.00    0.00    0.00    0.00    0.00   51.02
23:47:27       7    2.02    0.00   35.35    0.00    0.00    0.00    0.00    0.00    0.00   62.63
23:47:27       8    4.08    0.00   37.76    0.00    0.00    0.00    0.00    0.00    0.00   58.16
23:47:27       9    3.03    0.00   45.45    0.00    0.00    0.00    0.00    0.00    0.00   51.52
23:47:27      10    4.04    0.00   49.49    0.00    0.00    0.00    0.00    0.00    0.00   46.46
23:47:27      11    2.04    0.00   42.86    0.00    0.00    0.00    0.00    0.00    0.00   55.10
23:47:27      12    3.03    0.00   44.44    0.00    0.00    0.00    0.00    0.00    0.00   52.53
23:47:27      13    4.04    0.00   43.43    0.00    0.00    0.00    0.00    0.00    0.00   52.53
23:47:27      14    6.06    0.00   38.38    0.00    0.00    0.00    0.00    0.00    0.00   55.56
23:47:27      15    5.05    0.00   52.53    0.00    0.00    0.00    0.00    0.00    0.00   42.42
23:47:27      16    5.00    0.00   43.00    0.00    0.00    0.00    0.00    0.00    0.00   52.00
23:47:27      17    5.05    0.00   47.47    0.00    0.00    0.00    0.00    0.00    0.00   47.47
23:47:27      18    5.05    0.00   45.45    0.00    0.00    0.00    0.00    0.00    0.00   49.49
23:47:27      19    4.04    0.00   47.47    0.00    0.00    0.00    0.00    0.00    0.00   48.48

23:47:27     CPU    %usr   %nice    %sys %iowait    %irq   %soft  %steal  %guest  %gnice   %idle
23:47:28     all    3.69    0.00   40.95    0.00    0.00    0.35    0.00    0.00    0.00   55.01
23:47:28       0    2.97    0.00   40.59    0.00    0.00    3.96    0.00    0.00    0.00   52.48
23:47:28       1    3.00    0.00   29.00    0.00    0.00    1.00    0.00    0.00    0.00   67.00
23:47:28       2    4.00    0.00   39.00    0.00    0.00    1.00    0.00    0.00    0.00   56.00
23:47:28       3    4.04    0.00   35.35    0.00    0.00    0.00    0.00    0.00    0.00   60.61
23:47:28       4    4.04    0.00   44.44    0.00    0.00    1.01    0.00    0.00    0.00   50.51
23:47:28       5    4.04    0.00   33.33    0.00    0.00    0.00    0.00    0.00    0.00   62.63
23:47:28       6    3.03    0.00   42.42    0.00    0.00    0.00    0.00    0.00    0.00   54.55
23:47:28       7    6.00    0.00   39.00    0.00    0.00    0.00    0.00    0.00    0.00   55.00
23:47:28       8    3.00    0.00   38.00    0.00    0.00    0.00    0.00    0.00    0.00   59.00
23:47:28       9    2.06    0.00   44.33    0.00    0.00    0.00    0.00    0.00    0.00   53.61
23:47:28      10    4.04    0.00   46.46    0.00    0.00    0.00    0.00    0.00    0.00   49.49
23:47:28      11    4.04    0.00   42.42    0.00    0.00    0.00    0.00    0.00    0.00   53.54
23:47:28      12    4.08    0.00   41.84    0.00    0.00    0.00    0.00    0.00    0.00   54.08
23:47:28      13    4.08    0.00   45.92    0.00    0.00    0.00    0.00    0.00    0.00   50.00
23:47:28      14    3.06    0.00   41.84    0.00    0.00    0.00    0.00    0.00    0.00   55.10
23:47:28      15    3.06    0.00   42.86    0.00    0.00    0.00    0.00    0.00    0.00   54.08
23:47:28      16    3.03    0.00   41.41    0.00    0.00    0.00    0.00    0.00    0.00   55.56
23:47:28      17    3.06    0.00   41.84    0.00    0.00    0.00    0.00    0.00    0.00   55.10
23:47:28      18    5.10    0.00   40.82    0.00    0.00    0.00    0.00    0.00    0.00   54.08
23:47:28      19    4.04    0.00   48.48    0.00    0.00    0.00    0.00    0.00    0.00   47.47

23:47:28     CPU    %usr   %nice    %sys %iowait    %irq   %soft  %steal  %guest  %gnice   %idle
23:47:29     all    3.59    0.00   42.85    0.00    0.00    0.56    0.00    0.00    0.00   53.01
23:47:29       0    3.81    0.00   40.95    0.00    0.00    4.76    0.00    0.00    0.00   50.48
23:47:29       1    3.96    0.00   42.57    0.00    0.00    1.98    0.00    0.00    0.00   51.49
23:47:29       2    2.00    0.00   35.00    0.00    0.00    2.00    0.00    0.00    0.00   61.00
23:47:29       3    5.00    0.00   41.00    0.00    0.00    1.00    0.00    0.00    0.00   53.00
23:47:29       4    4.04    0.00   47.47    0.00    0.00    0.00    0.00    0.00    0.00   48.48
23:47:29       5    3.03    0.00   39.39    0.00    0.00    0.00    0.00    0.00    0.00   57.58
23:47:29       6    5.05    0.00   41.41    0.00    0.00    1.01    0.00    0.00    0.00   52.53
23:47:29       7    3.09    0.00   45.36    0.00    0.00    0.00    0.00    0.00    0.00   51.55
23:47:29       8    4.08    0.00   44.90    0.00    0.00    0.00    0.00    0.00    0.00   51.02
23:47:29       9    5.05    0.00   46.46    0.00    0.00    0.00    0.00    0.00    0.00   48.48
23:47:29      10    5.05    0.00   48.48    0.00    0.00    0.00    0.00    0.00    0.00   46.46
23:47:29      11    3.06    0.00   46.94    0.00    0.00    0.00    0.00    0.00    0.00   50.00
23:47:29      12    3.06    0.00   45.92    0.00    0.00    0.00    0.00    0.00    0.00   51.02
23:47:29      13    2.04    0.00   34.69    0.00    0.00    0.00    0.00    0.00    0.00   63.27
23:47:29      14    2.02    0.00   35.35    0.00    0.00    0.00    0.00    0.00    0.00   62.63
23:47:29      15    4.04    0.00   47.47    0.00    0.00    0.00    0.00    0.00    0.00   48.48
23:47:29      16    3.09    0.00   41.24    0.00    0.00    0.00    0.00    0.00    0.00   55.67
23:47:29      17    3.03    0.00   46.46    0.00    0.00    0.00    0.00    0.00    0.00   50.51
23:47:29      18    3.06    0.00   40.82    0.00    0.00    0.00    0.00    0.00    0.00   56.12
23:47:29      19    4.12    0.00   45.36    0.00    0.00    0.00    0.00    0.00    0.00   50.52

23:47:29     CPU    %usr   %nice    %sys %iowait    %irq   %soft  %steal  %guest  %gnice   %idle
23:47:30     all    3.88    0.00   43.78    0.00    0.00    0.65    0.00    0.00    0.00   51.69
23:47:30       0    1.92    0.00   40.38    0.00    0.00    7.69    0.00    0.00    0.00   50.00
23:47:30       1    4.00    0.00   44.00    0.00    0.00    2.00    0.00    0.00    0.00   50.00
23:47:30       2    3.00    0.00   48.00    0.00    0.00    2.00    0.00    0.00    0.00   47.00
23:47:30       3    4.08    0.00   50.00    0.00    0.00    1.02    0.00    0.00    0.00   44.90
23:47:30       4    5.00    0.00   44.00    0.00    0.00    0.00    0.00    0.00    0.00   51.00
23:47:30       5    2.04    0.00   30.61    0.00    0.00    0.00    0.00    0.00    0.00   67.35
23:47:30       6    4.00    0.00   45.00    0.00    0.00    0.00    0.00    0.00    0.00   51.00
23:47:30       7    1.03    0.00   37.11    0.00    0.00    0.00    0.00    0.00    0.00   61.86
23:47:30       8    6.06    0.00   45.45    0.00    0.00    0.00    0.00    0.00    0.00   48.48
23:47:30       9    5.05    0.00   50.51    0.00    0.00    0.00    0.00    0.00    0.00   44.44
23:47:30      10    5.10    0.00   41.84    0.00    0.00    0.00    0.00    0.00    0.00   53.06
23:47:30      11    4.00    0.00   48.00    0.00    0.00    0.00    0.00    0.00    0.00   48.00
23:47:30      12    4.04    0.00   47.47    0.00    0.00    0.00    0.00    0.00    0.00   48.48
23:47:30      13    4.08    0.00   43.88    0.00    0.00    0.00    0.00    0.00    0.00   52.04
23:47:30      14    4.04    0.00   39.39    0.00    0.00    0.00    0.00    0.00    0.00   56.57
23:47:30      15    3.03    0.00   41.41    0.00    0.00    0.00    0.00    0.00    0.00   55.56
23:47:30      16    3.00    0.00   46.00    0.00    0.00    0.00    0.00    0.00    0.00   51.00
23:47:30      17    4.04    0.00   40.40    0.00    0.00    0.00    0.00    0.00    0.00   55.56
23:47:30      18    6.06    0.00   41.41    0.00    0.00    0.00    0.00    0.00    0.00   52.53
23:47:30      19    4.04    0.00   50.51    0.00    0.00    0.00    0.00    0.00    0.00   45.45

23:47:30     CPU    %usr   %nice    %sys %iowait    %irq   %soft  %steal  %guest  %gnice   %idle
23:47:31     all    3.78    0.00   42.01    0.00    0.00    0.61    0.00    0.00    0.00   53.61
23:47:31       0    2.91    0.00   41.75    0.00    0.00    3.88    0.00    0.00    0.00   51.46
23:47:31       1    4.95    0.00   43.56    0.00    0.00    2.97    0.00    0.00    0.00   48.51
23:47:31       2    3.00    0.00   43.00    0.00    0.00    1.00    0.00    0.00    0.00   53.00
23:47:31       3    4.04    0.00   47.47    0.00    0.00    1.01    0.00    0.00    0.00   47.47
23:47:31       4    2.02    0.00   32.32    0.00    0.00    1.01    0.00    0.00    0.00   64.65
23:47:31       5    3.00    0.00   39.00    0.00    0.00    1.00    0.00    0.00    0.00   57.00
23:47:31       6    4.08    0.00   42.86    0.00    0.00    0.00    0.00    0.00    0.00   53.06
23:47:31       7    7.00    0.00   48.00    0.00    0.00    1.00    0.00    0.00    0.00   44.00
23:47:31       8    5.05    0.00   46.46    0.00    0.00    0.00    0.00    0.00    0.00   48.48
23:47:31       9    3.06    0.00   42.86    0.00    0.00    0.00    0.00    0.00    0.00   54.08
23:47:31      10    4.04    0.00   44.44    0.00    0.00    0.00    0.00    0.00    0.00   51.52
23:47:31      11    2.04    0.00   39.80    0.00    0.00    0.00    0.00    0.00    0.00   58.16
23:47:31      12    3.09    0.00   36.08    0.00    0.00    0.00    0.00    0.00    0.00   60.82
23:47:31      13    4.00    0.00   41.00    0.00    0.00    0.00    0.00    0.00    0.00   55.00
23:47:31      14    3.03    0.00   38.38    0.00    0.00    0.00    0.00    0.00    0.00   58.59
23:47:31      15    5.05    0.00   44.44    0.00    0.00    0.00    0.00    0.00    0.00   50.51
23:47:31      16    4.08    0.00   39.80    0.00    0.00    0.00    0.00    0.00    0.00   56.12
23:47:31      17    3.00    0.00   44.00    0.00    0.00    0.00    0.00    0.00    0.00   53.00
23:47:31      18    3.06    0.00   40.82    0.00    0.00    0.00    0.00    0.00    0.00   56.12
23:47:31      19    5.10    0.00   43.88    0.00    0.00    0.00    0.00    0.00    0.00   51.02

Average:     CPU    %usr   %nice    %sys %iowait    %irq   %soft  %steal  %guest  %gnice   %idle
Average:     all    3.86    0.00   42.85    0.00    0.00    0.53    0.00    0.00    0.00   52.77
Average:       0    3.50    0.00   41.36    0.00    0.00    4.37    0.00    0.00    0.00   50.78
Average:       1    3.76    0.00   41.19    0.00    0.00    2.38    0.00    0.00    0.00   52.67
Average:       2    3.39    0.00   42.43    0.00    0.00    1.59    0.00    0.00    0.00   52.59
Average:       3    4.12    0.00   43.76    0.00    0.00    0.91    0.00    0.00    0.00   51.21
Average:       4    3.63    0.00   41.88    0.00    0.00    0.40    0.00    0.00    0.00   54.09
Average:       5    3.84    0.00   38.99    0.00    0.00    0.30    0.00    0.00    0.00   56.87
Average:       6    4.24    0.00   42.83    0.00    0.00    0.20    0.00    0.00    0.00   52.73
Average:       7    4.35    0.00   42.91    0.00    0.00    0.10    0.00    0.00    0.00   52.63
Average:       8    4.05    0.00   43.77    0.00    0.00    0.00    0.00    0.00    0.00   52.18
Average:       9    3.56    0.00   45.83    0.00    0.00    0.10    0.00    0.00    0.00   50.51
Average:      10    3.95    0.00   43.47    0.00    0.00    0.00    0.00    0.00    0.00   52.58
Average:      11    3.55    0.00   43.26    0.00    0.00    0.00    0.00    0.00    0.00   53.19
Average:      12    3.46    0.00   44.31    0.00    0.00    0.00    0.00    0.00    0.00   52.24
Average:      13    3.95    0.00   42.00    0.00    0.00    0.00    0.00    0.00    0.00   54.05
Average:      14    3.74    0.00   42.37    0.00    0.00    0.00    0.00    0.00    0.00   53.89
Average:      15    3.75    0.00   45.13    0.00    0.00    0.00    0.00    0.00    0.00   51.12
Average:      16    3.74    0.00   42.11    0.00    0.00    0.00    0.00    0.00    0.00   54.15
Average:      17    3.84    0.00   40.51    0.00    0.00    0.00    0.00    0.00    0.00   55.66
Average:      18    4.46    0.00   43.20    0.00    0.00    0.00    0.00    0.00    0.00   52.33
Average:      19    4.26    0.00   45.79    0.00    0.00    0.00    0.00    0.00    0.00   49.95
