Linux 6.8.0-138-generic (snapshots-gpu-mi300x1-192gb-devcloud-atl1) 	10/06/26 	_x86_64_	(20 CPU)

18:22:42     CPU    %usr   %nice    %sys %iowait    %irq   %soft  %steal  %guest  %gnice   %idle
18:22:43     all    7.07    0.00   40.54    0.00    0.00    2.11    0.00    0.00    0.00   50.28
18:22:43       0    4.63    0.00   38.89    0.00    0.00    7.41    0.00    0.00    0.00   49.07
18:22:43       1    3.92    0.00   41.18    0.00    0.00    5.88    0.00    0.00    0.00   49.02
18:22:43       2   14.71    0.00   35.29    0.00    0.00    2.94    0.00    0.00    0.00   47.06
18:22:43       3    3.96    0.00   39.60    0.00    0.00    4.95    0.00    0.00    0.00   51.49
18:22:43       4    3.92    0.00   39.22    0.00    0.00    3.92    0.00    0.00    0.00   52.94
18:22:43       5    4.95    0.00   41.58    0.00    0.00    2.97    0.00    0.00    0.00   50.50
18:22:43       6    4.04    0.00   39.39    0.00    0.00    2.02    0.00    0.00    0.00   54.55
18:22:43       7    4.90    0.00   40.20    0.00    0.00    1.96    0.00    0.00    0.00   52.94
18:22:43       8    4.00    0.00   42.00    0.00    0.00    1.00    0.00    0.00    0.00   53.00
18:22:43       9    4.08    0.00   40.82    0.00    0.00    1.02    0.00    0.00    0.00   54.08
18:22:43      10    3.96    0.00   42.57    0.00    0.00    0.99    0.00    0.00    0.00   52.48
18:22:43      11    5.00    0.00   44.00    0.00    0.00    1.00    0.00    0.00    0.00   50.00
18:22:43      12    8.16    0.00   39.80    0.00    0.00    1.02    0.00    0.00    0.00   51.02
18:22:43      13   25.00    0.00   31.25    0.00    0.00    1.04    0.00    0.00    0.00   42.71
18:22:43      14    6.12    0.00   39.80    0.00    0.00    1.02    0.00    0.00    0.00   53.06
18:22:43      15    8.25    0.00   43.30    0.00    0.00    1.03    0.00    0.00    0.00   47.42
18:22:43      16    6.25    0.00   40.62    0.00    0.00    1.04    0.00    0.00    0.00   52.08
18:22:43      17    4.08    0.00   41.84    0.00    0.00    0.00    0.00    0.00    0.00   54.08
18:22:43      18   19.59    0.00   49.48    0.00    0.00    0.00    0.00    0.00    0.00   30.93
18:22:43      19    3.09    0.00   40.21    0.00    0.00    0.00    0.00    0.00    0.00   56.70

18:22:43     CPU    %usr   %nice    %sys %iowait    %irq   %soft  %steal  %guest  %gnice   %idle
18:22:44     all    6.75    0.00   39.53    0.00    0.00    1.11    0.00    0.00    0.00   52.62
18:22:44       0    4.04    0.00   43.43    0.00    0.00    2.02    0.00    0.00    0.00   50.51
18:22:44       1    3.92    0.00   43.14    0.00    0.00    1.96    0.00    0.00    0.00   50.98
18:22:44       2   31.63    0.00   24.49    0.00    0.00    1.02    0.00    0.00    0.00   42.86
18:22:44       3    4.90    0.00   34.31    0.00    0.00    2.94    0.00    0.00    0.00   57.84
18:22:44       4   18.37    0.00   38.78    0.00    0.00    1.02    0.00    0.00    0.00   41.84
18:22:44       5    5.15    0.00   39.18    0.00    0.00    1.03    0.00    0.00    0.00   54.64
18:22:44       6    5.94    0.00   44.55    0.00    0.00    1.98    0.00    0.00    0.00   47.52
18:22:44       7    4.95    0.00   41.58    0.00    0.00    0.99    0.00    0.00    0.00   52.48
18:22:44       8    6.00    0.00   38.00    0.00    0.00    2.00    0.00    0.00    0.00   54.00
18:22:44       9    5.05    0.00   41.41    0.00    0.00    1.01    0.00    0.00    0.00   52.53
18:22:44      10    5.15    0.00   39.18    0.00    0.00    1.03    0.00    0.00    0.00   54.64
18:22:44      11    4.04    0.00   40.40    0.00    0.00    1.01    0.00    0.00    0.00   54.55
18:22:44      12    5.05    0.00   40.40    0.00    0.00    0.00    0.00    0.00    0.00   54.55
18:22:44      13    4.08    0.00   39.80    0.00    0.00    0.00    0.00    0.00    0.00   56.12
18:22:44      14    4.04    0.00   43.43    0.00    0.00    0.00    0.00    0.00    0.00   52.53
18:22:44      15    4.00    0.00   34.00    0.00    0.00    1.00    0.00    0.00    0.00   61.00
18:22:44      16    5.00    0.00   40.00    0.00    0.00    0.00    0.00    0.00    0.00   55.00
18:22:44      17    4.08    0.00   39.80    0.00    0.00    1.02    0.00    0.00    0.00   55.10
18:22:44      18    4.95    0.00   43.56    0.00    0.00    0.99    0.00    0.00    0.00   50.50
18:22:44      19    5.10    0.00   40.82    0.00    0.00    1.02    0.00    0.00    0.00   53.06

18:22:44     CPU    %usr   %nice    %sys %iowait    %irq   %soft  %steal  %guest  %gnice   %idle
18:22:45     all    5.97    0.00   40.39    0.00    0.00    0.92    0.00    0.00    0.00   52.73
18:22:45       0    3.06    0.00   41.84    0.00    0.00    3.06    0.00    0.00    0.00   52.04
18:22:45       1    3.88    0.00   39.81    0.00    0.00    4.85    0.00    0.00    0.00   51.46
18:22:45       2   18.75    0.00   30.21    0.00    0.00    2.08    0.00    0.00    0.00   48.96
18:22:45       3    3.03    0.00   41.41    0.00    0.00    2.02    0.00    0.00    0.00   53.54
18:22:45       4   10.31    0.00   36.08    0.00    0.00    2.06    0.00    0.00    0.00   51.55
18:22:45       5   10.20    0.00   41.84    0.00    0.00    1.02    0.00    0.00    0.00   46.94
18:22:45       6    4.12    0.00   41.24    0.00    0.00    0.00    0.00    0.00    0.00   54.64
18:22:45       7    8.00    0.00   40.00    0.00    0.00    0.00    0.00    0.00    0.00   52.00
18:22:45       8    4.17    0.00   39.58    0.00    0.00    0.00    0.00    0.00    0.00   56.25
18:22:45       9   12.37    0.00   38.14    0.00    0.00    1.03    0.00    0.00    0.00   48.45
18:22:45      10    4.04    0.00   41.41    0.00    0.00    0.00    0.00    0.00    0.00   54.55
18:22:45      11    5.15    0.00   43.30    0.00    0.00    0.00    0.00    0.00    0.00   51.55
18:22:45      12    4.00    0.00   41.00    0.00    0.00    1.00    0.00    0.00    0.00   54.00
18:22:45      13    4.08    0.00   39.80    0.00    0.00    0.00    0.00    0.00    0.00   56.12
18:22:45      14    4.04    0.00   42.42    0.00    0.00    1.01    0.00    0.00    0.00   52.53
18:22:45      15    2.08    0.00   42.71    0.00    0.00    0.00    0.00    0.00    0.00   55.21
18:22:45      16    5.15    0.00   41.24    0.00    0.00    0.00    0.00    0.00    0.00   53.61
18:22:45      17    6.06    0.00   40.40    0.00    0.00    0.00    0.00    0.00    0.00   53.54
18:22:45      18    4.04    0.00   43.43    0.00    0.00    0.00    0.00    0.00    0.00   52.53
18:22:45      19    3.12    0.00   41.67    0.00    0.00    0.00    0.00    0.00    0.00   55.21

18:22:45     CPU    %usr   %nice    %sys %iowait    %irq   %soft  %steal  %guest  %gnice   %idle
18:22:46     all    6.32    0.00   40.19    0.00    0.00    0.81    0.00    0.00    0.00   52.68
18:22:46       0    4.00    0.00   40.00    0.00    0.00    3.00    0.00    0.00    0.00   53.00
18:22:46       1    4.85    0.00   42.72    0.00    0.00    1.94    0.00    0.00    0.00   50.49
18:22:46       2   38.78    0.00   24.49    0.00    0.00    0.00    0.00    0.00    0.00   36.73
18:22:46       3    4.04    0.00   41.41    0.00    0.00    2.02    0.00    0.00    0.00   52.53
18:22:46       4    5.00    0.00   40.00    0.00    0.00    1.00    0.00    0.00    0.00   54.00
18:22:46       5    4.08    0.00   29.59    0.00    0.00    1.02    0.00    0.00    0.00   65.31
18:22:46       6    3.92    0.00   44.12    0.00    0.00    0.98    0.00    0.00    0.00   50.98
18:22:46       7    3.12    0.00   44.79    0.00    0.00    0.00    0.00    0.00    0.00   52.08
18:22:46       8    7.14    0.00   37.76    0.00    0.00    1.02    0.00    0.00    0.00   54.08
18:22:46       9    4.17    0.00   41.67    0.00    0.00    0.00    0.00    0.00    0.00   54.17
18:22:46      10    6.00    0.00   43.00    0.00    0.00    1.00    0.00    0.00    0.00   50.00
18:22:46      11    3.96    0.00   43.56    0.00    0.00    0.00    0.00    0.00    0.00   52.48
18:22:46      12    5.00    0.00   43.00    0.00    0.00    0.00    0.00    0.00    0.00   52.00
18:22:46      13    8.25    0.00   37.11    0.00    0.00    1.03    0.00    0.00    0.00   53.61
18:22:46      14    4.12    0.00   41.24    0.00    0.00    0.00    0.00    0.00    0.00   54.64
18:22:46      15    4.04    0.00   44.44    0.00    0.00    0.00    0.00    0.00    0.00   51.52
18:22:46      16    4.08    0.00   42.86    0.00    0.00    1.02    0.00    0.00    0.00   52.04
18:22:46      17    3.12    0.00   36.46    0.00    0.00    0.00    0.00    0.00    0.00   60.42
18:22:46      18    5.00    0.00   42.00    0.00    0.00    1.00    0.00    0.00    0.00   52.00
18:22:46      19    4.00    0.00   43.00    0.00    0.00    1.00    0.00    0.00    0.00   52.00

18:22:46     CPU    %usr   %nice    %sys %iowait    %irq   %soft  %steal  %guest  %gnice   %idle
18:22:47     all    6.42    0.00   40.09    0.00    0.00    1.06    0.00    0.00    0.00   52.43
18:22:47       0    3.96    0.00   34.65    0.00    0.00    1.98    0.00    0.00    0.00   59.41
18:22:47       1    1.96    0.00   44.12    0.00    0.00    2.94    0.00    0.00    0.00   50.98
18:22:47       2    5.10    0.00   43.88    0.00    0.00    1.02    0.00    0.00    0.00   50.00
18:22:47       3    3.09    0.00   41.24    0.00    0.00    2.06    0.00    0.00    0.00   53.61
18:22:47       4    6.00    0.00   40.00    0.00    0.00    1.00    0.00    0.00    0.00   53.00
18:22:47       5    6.00    0.00   41.00    0.00    0.00    1.00    0.00    0.00    0.00   52.00
18:22:47       6    4.08    0.00   40.82    0.00    0.00    1.02    0.00    0.00    0.00   54.08
18:22:47       7   15.15    0.00   41.41    0.00    0.00    1.01    0.00    0.00    0.00   42.42
18:22:47       8    4.08    0.00   40.82    0.00    0.00    1.02    0.00    0.00    0.00   54.08
18:22:47       9    4.04    0.00   40.40    0.00    0.00    1.01    0.00    0.00    0.00   54.55
18:22:47      10    4.08    0.00   42.86    0.00    0.00    1.02    0.00    0.00    0.00   52.04
18:22:47      11    8.08    0.00   37.37    0.00    0.00    1.01    0.00    0.00    0.00   53.54
18:22:47      12    4.95    0.00   44.55    0.00    0.00    0.00    0.00    0.00    0.00   50.50
18:22:47      13   34.04    0.00   22.34    0.00    0.00    1.06    0.00    0.00    0.00   42.55
18:22:47      14    4.04    0.00   41.41    0.00    0.00    1.01    0.00    0.00    0.00   53.54
18:22:47      15    4.00    0.00   42.00    0.00    0.00    1.00    0.00    0.00    0.00   53.00
18:22:47      16    4.00    0.00   44.00    0.00    0.00    0.00    0.00    0.00    0.00   52.00
18:22:47      17    4.08    0.00   39.80    0.00    0.00    1.02    0.00    0.00    0.00   55.10
18:22:47      18    4.08    0.00   41.84    0.00    0.00    0.00    0.00    0.00    0.00   54.08
18:22:47      19    5.05    0.00   36.36    0.00    0.00    1.01    0.00    0.00    0.00   57.58

Average:     CPU    %usr   %nice    %sys %iowait    %irq   %soft  %steal  %guest  %gnice   %idle
Average:     all    6.51    0.00   40.15    0.00    0.00    1.20    0.00    0.00    0.00   52.14
Average:       0    3.95    0.00   39.72    0.00    0.00    3.56    0.00    0.00    0.00   52.77
Average:       1    3.71    0.00   42.19    0.00    0.00    3.52    0.00    0.00    0.00   50.59
Average:       2   21.75    0.00   31.71    0.00    0.00    1.42    0.00    0.00    0.00   45.12
Average:       3    3.82    0.00   39.56    0.00    0.00    2.81    0.00    0.00    0.00   53.82
Average:       4    8.65    0.00   38.83    0.00    0.00    1.81    0.00    0.00    0.00   50.70
Average:       5    6.07    0.00   38.66    0.00    0.00    1.42    0.00    0.00    0.00   53.85
Average:       6    4.43    0.00   42.05    0.00    0.00    1.21    0.00    0.00    0.00   52.31
Average:       7    7.23    0.00   41.57    0.00    0.00    0.80    0.00    0.00    0.00   50.40
Average:       8    5.08    0.00   39.63    0.00    0.00    1.02    0.00    0.00    0.00   54.27
Average:       9    5.93    0.00   40.49    0.00    0.00    0.82    0.00    0.00    0.00   52.76
Average:      10    4.65    0.00   41.82    0.00    0.00    0.81    0.00    0.00    0.00   52.73
Average:      11    5.24    0.00   41.73    0.00    0.00    0.60    0.00    0.00    0.00   52.42
Average:      12    5.42    0.00   41.77    0.00    0.00    0.40    0.00    0.00    0.00   52.41
Average:      13   14.91    0.00   34.16    0.00    0.00    0.62    0.00    0.00    0.00   50.31
Average:      14    4.47    0.00   41.67    0.00    0.00    0.61    0.00    0.00    0.00   53.25
Average:      15    4.47    0.00   41.26    0.00    0.00    0.61    0.00    0.00    0.00   53.66
Average:      16    4.89    0.00   41.75    0.00    0.00    0.41    0.00    0.00    0.00   52.95
Average:      17    4.29    0.00   39.67    0.00    0.00    0.41    0.00    0.00    0.00   55.62
Average:      18    7.47    0.00   44.04    0.00    0.00    0.40    0.00    0.00    0.00   48.08
Average:      19    4.08    0.00   40.41    0.00    0.00    0.61    0.00    0.00    0.00   54.90
