Linux 6.8.0-138-generic (0) 	10/05/26 	_x86_64_	(20 CPU)

23:47:32     CPU    %usr   %nice    %sys %iowait    %irq   %soft  %steal  %guest  %gnice   %idle
23:47:33     all    3.33    0.00   25.92    0.00    0.00    0.20    0.00    0.00    0.00   70.55
23:47:33       0    2.91    0.00   27.18    0.00    0.00    3.88    0.00    0.00    0.00   66.02
23:47:33       1    2.00    0.00   17.00    0.00    0.00    0.00    0.00    0.00    0.00   81.00
23:47:33       2   17.17    0.00   40.40    0.00    0.00    0.00    0.00    0.00    0.00   42.42
23:47:33       3    3.03    0.00   26.26    0.00    0.00    0.00    0.00    0.00    0.00   70.71
23:47:33       4    3.06    0.00   27.55    0.00    0.00    0.00    0.00    0.00    0.00   69.39
23:47:33       5    2.04    0.00   25.51    0.00    0.00    0.00    0.00    0.00    0.00   72.45
23:47:33       6    3.06    0.00   27.55    0.00    0.00    0.00    0.00    0.00    0.00   69.39
23:47:33       7    3.09    0.00   30.93    0.00    0.00    0.00    0.00    0.00    0.00   65.98
23:47:33       8    2.00    0.00   24.00    0.00    0.00    0.00    0.00    0.00    0.00   74.00
23:47:33       9    2.04    0.00   20.41    0.00    0.00    0.00    0.00    0.00    0.00   77.55
23:47:33      10    3.00    0.00   27.00    0.00    0.00    0.00    0.00    0.00    0.00   70.00
23:47:33      11    3.96    0.00   25.74    0.00    0.00    0.00    0.00    0.00    0.00   70.30
23:47:33      12    2.02    0.00   29.29    0.00    0.00    0.00    0.00    0.00    0.00   68.69
23:47:33      13    2.02    0.00   22.22    0.00    0.00    0.00    0.00    0.00    0.00   75.76
23:47:33      14    3.03    0.00   27.27    0.00    0.00    0.00    0.00    0.00    0.00   69.70
23:47:33      15    2.97    0.00   20.79    0.00    0.00    0.00    0.00    0.00    0.00   76.24
23:47:33      16    2.06    0.00   27.84    0.00    0.00    0.00    0.00    0.00    0.00   70.10
23:47:33      17    3.03    0.00   29.29    0.00    0.00    0.00    0.00    0.00    0.00   67.68
23:47:33      18    2.02    0.00   22.22    0.00    0.00    0.00    0.00    0.00    0.00   75.76
23:47:33      19    2.02    0.00   20.20    0.00    0.00    0.00    0.00    0.00    0.00   77.78

23:47:33     CPU    %usr   %nice    %sys %iowait    %irq   %soft  %steal  %guest  %gnice   %idle
23:47:34     all    3.10    0.00   26.20    0.00    0.00    0.05    0.00    0.00    0.00   70.65
23:47:34       0    3.03    0.00   25.25    0.00    0.00    0.00    0.00    0.00    0.00   71.72
23:47:34       1    3.06    0.00   30.61    0.00    0.00    0.00    0.00    0.00    0.00   66.33
23:47:34       2    3.09    0.00   29.90    0.00    0.00    0.00    0.00    0.00    0.00   67.01
23:47:34       3    4.12    0.00   27.84    0.00    0.00    0.00    0.00    0.00    0.00   68.04
23:47:34       4    2.00    0.00   22.00    0.00    0.00    0.00    0.00    0.00    0.00   76.00
23:47:34       5    5.10    0.00   27.55    0.00    0.00    0.00    0.00    0.00    0.00   67.35
23:47:34       6    2.02    0.00   24.24    0.00    0.00    1.01    0.00    0.00    0.00   72.73
23:47:34       7    4.08    0.00   23.47    0.00    0.00    0.00    0.00    0.00    0.00   72.45
23:47:34       8    3.03    0.00   29.29    0.00    0.00    0.00    0.00    0.00    0.00   67.68
23:47:34       9    3.06    0.00   23.47    0.00    0.00    0.00    0.00    0.00    0.00   73.47
23:47:34      10    2.04    0.00   25.51    0.00    0.00    0.00    0.00    0.00    0.00   72.45
23:47:34      11    3.06    0.00   24.49    0.00    0.00    0.00    0.00    0.00    0.00   72.45
23:47:34      12    4.04    0.00   29.29    0.00    0.00    0.00    0.00    0.00    0.00   66.67
23:47:34      13    4.04    0.00   29.29    0.00    0.00    0.00    0.00    0.00    0.00   66.67
23:47:34      14    2.06    0.00   27.84    0.00    0.00    0.00    0.00    0.00    0.00   70.10
23:47:34      15    3.06    0.00   24.49    0.00    0.00    0.00    0.00    0.00    0.00   72.45
23:47:34      16    2.04    0.00   26.53    0.00    0.00    0.00    0.00    0.00    0.00   71.43
23:47:34      17    2.04    0.00   25.51    0.00    0.00    0.00    0.00    0.00    0.00   72.45
23:47:34      18    3.03    0.00   15.15    0.00    0.00    0.00    0.00    0.00    0.00   81.82
23:47:34      19    4.04    0.00   32.32    0.00    0.00    0.00    0.00    0.00    0.00   63.64

23:47:34     CPU    %usr   %nice    %sys %iowait    %irq   %soft  %steal  %guest  %gnice   %idle
23:47:35     all    3.13    0.00   26.04    0.00    0.00    0.10    0.00    0.00    0.00   70.73
23:47:35       0    3.06    0.00   27.55    0.00    0.00    1.02    0.00    0.00    0.00   68.37
23:47:35       1    2.02    0.00   22.22    0.00    0.00    0.00    0.00    0.00    0.00   75.76
23:47:35       2    2.00    0.00   22.00    0.00    0.00    1.00    0.00    0.00    0.00   75.00
23:47:35       3    2.02    0.00   24.24    0.00    0.00    0.00    0.00    0.00    0.00   73.74
23:47:35       4    3.03    0.00   24.24    0.00    0.00    0.00    0.00    0.00    0.00   72.73
23:47:35       5    3.06    0.00   29.59    0.00    0.00    0.00    0.00    0.00    0.00   67.35
23:47:35       6    2.02    0.00   21.21    0.00    0.00    0.00    0.00    0.00    0.00   76.77
23:47:35       7    4.00    0.00   26.00    0.00    0.00    0.00    0.00    0.00    0.00   70.00
23:47:35       8    3.06    0.00   28.57    0.00    0.00    0.00    0.00    0.00    0.00   68.37
23:47:35       9    4.04    0.00   24.24    0.00    0.00    0.00    0.00    0.00    0.00   71.72
23:47:35      10    3.03    0.00   30.30    0.00    0.00    0.00    0.00    0.00    0.00   66.67
23:47:35      11    3.03    0.00   20.20    0.00    0.00    0.00    0.00    0.00    0.00   76.77
23:47:35      12    5.05    0.00   27.27    0.00    0.00    0.00    0.00    0.00    0.00   67.68
23:47:35      13    3.03    0.00   32.32    0.00    0.00    0.00    0.00    0.00    0.00   64.65
23:47:35      14    4.04    0.00   31.31    0.00    0.00    0.00    0.00    0.00    0.00   64.65
23:47:35      15    4.04    0.00   28.28    0.00    0.00    0.00    0.00    0.00    0.00   67.68
23:47:35      16    3.03    0.00   21.21    0.00    0.00    0.00    0.00    0.00    0.00   75.76
23:47:35      17    2.04    0.00   27.55    0.00    0.00    0.00    0.00    0.00    0.00   70.41
23:47:35      18    4.04    0.00   27.27    0.00    0.00    0.00    0.00    0.00    0.00   68.69
23:47:35      19    3.03    0.00   25.25    0.00    0.00    0.00    0.00    0.00    0.00   71.72

23:47:35     CPU    %usr   %nice    %sys %iowait    %irq   %soft  %steal  %guest  %gnice   %idle
23:47:36     all    2.68    0.00   26.09    0.00    0.00    0.00    0.00    0.00    0.00   71.23
23:47:36       0    2.02    0.00   21.21    0.00    0.00    0.00    0.00    0.00    0.00   76.77
23:47:36       1    2.04    0.00   20.41    0.00    0.00    0.00    0.00    0.00    0.00   77.55
23:47:36       2    3.06    0.00   32.65    0.00    0.00    0.00    0.00    0.00    0.00   64.29
23:47:36       3    2.00    0.00   26.00    0.00    0.00    0.00    0.00    0.00    0.00   72.00
23:47:36       4    2.02    0.00   24.24    0.00    0.00    0.00    0.00    0.00    0.00   73.74
23:47:36       5    2.04    0.00   24.49    0.00    0.00    0.00    0.00    0.00    0.00   73.47
23:47:36       6    3.06    0.00   28.57    0.00    0.00    0.00    0.00    0.00    0.00   68.37
23:47:36       7    3.06    0.00   23.47    0.00    0.00    0.00    0.00    0.00    0.00   73.47
23:47:36       8    3.06    0.00   29.59    0.00    0.00    0.00    0.00    0.00    0.00   67.35
23:47:36       9    3.00    0.00   31.00    0.00    0.00    0.00    0.00    0.00    0.00   66.00
23:47:36      10    3.03    0.00   26.26    0.00    0.00    0.00    0.00    0.00    0.00   70.71
23:47:36      11    3.03    0.00   27.27    0.00    0.00    0.00    0.00    0.00    0.00   69.70
23:47:36      12    2.04    0.00   25.51    0.00    0.00    0.00    0.00    0.00    0.00   72.45
23:47:36      13    3.06    0.00   26.53    0.00    0.00    0.00    0.00    0.00    0.00   70.41
23:47:36      14    2.04    0.00   19.39    0.00    0.00    0.00    0.00    0.00    0.00   78.57
23:47:36      15    2.00    0.00   24.00    0.00    0.00    0.00    0.00    0.00    0.00   74.00
23:47:36      16    3.06    0.00   26.53    0.00    0.00    0.00    0.00    0.00    0.00   70.41
23:47:36      17    3.00    0.00   26.00    0.00    0.00    0.00    0.00    0.00    0.00   71.00
23:47:36      18    3.03    0.00   27.27    0.00    0.00    0.00    0.00    0.00    0.00   69.70
23:47:36      19    4.04    0.00   31.31    0.00    0.00    0.00    0.00    0.00    0.00   64.65

23:47:36     CPU    %usr   %nice    %sys %iowait    %irq   %soft  %steal  %guest  %gnice   %idle
23:47:37     all    2.94    0.00   25.42    0.00    0.00    0.05    0.00    0.00    0.00   71.59
23:47:37       0    3.06    0.00   25.51    0.00    0.00    0.00    0.00    0.00    0.00   71.43
23:47:37       1    2.97    0.00   25.74    0.00    0.00    0.99    0.00    0.00    0.00   70.30
23:47:37       2    5.00    0.00   25.00    0.00    0.00    0.00    0.00    0.00    0.00   70.00
23:47:37       3    2.02    0.00   21.21    0.00    0.00    0.00    0.00    0.00    0.00   76.77
23:47:37       4    3.06    0.00   30.61    0.00    0.00    0.00    0.00    0.00    0.00   66.33
23:47:37       5    3.00    0.00   30.00    0.00    0.00    0.00    0.00    0.00    0.00   67.00
23:47:37       6    3.06    0.00   29.59    0.00    0.00    0.00    0.00    0.00    0.00   67.35
23:47:37       7    4.04    0.00   29.29    0.00    0.00    0.00    0.00    0.00    0.00   66.67
23:47:37       8    3.03    0.00   28.28    0.00    0.00    0.00    0.00    0.00    0.00   68.69
23:47:37       9    2.04    0.00   19.39    0.00    0.00    0.00    0.00    0.00    0.00   78.57
23:47:37      10    4.00    0.00   22.00    0.00    0.00    0.00    0.00    0.00    0.00   74.00
23:47:37      11    2.04    0.00   18.37    0.00    0.00    0.00    0.00    0.00    0.00   79.59
23:47:37      12    3.03    0.00   29.29    0.00    0.00    0.00    0.00    0.00    0.00   67.68
23:47:37      13    2.04    0.00   22.45    0.00    0.00    0.00    0.00    0.00    0.00   75.51
23:47:37      14    4.08    0.00   29.59    0.00    0.00    0.00    0.00    0.00    0.00   66.33
23:47:37      15    3.06    0.00   23.47    0.00    0.00    0.00    0.00    0.00    0.00   73.47
23:47:37      16    2.06    0.00   24.74    0.00    0.00    0.00    0.00    0.00    0.00   73.20
23:47:37      17    4.00    0.00   23.00    0.00    0.00    0.00    0.00    0.00    0.00   73.00
23:47:37      18    1.02    0.00   26.53    0.00    0.00    0.00    0.00    0.00    0.00   72.45
23:47:37      19    2.02    0.00   24.24    0.00    0.00    0.00    0.00    0.00    0.00   73.74

23:47:37     CPU    %usr   %nice    %sys %iowait    %irq   %soft  %steal  %guest  %gnice   %idle
23:47:38     all    2.79    0.00   26.76    0.00    0.00    0.30    0.00    0.00    0.00   70.15
23:47:38       0    2.94    0.00   31.37    0.00    0.00    3.92    0.00    0.00    0.00   61.76
23:47:38       1    3.03    0.00   29.29    0.00    0.00    1.01    0.00    0.00    0.00   66.67
23:47:38       2    1.03    0.00   26.80    0.00    0.00    0.00    0.00    0.00    0.00   72.16
23:47:38       3    3.00    0.00   25.00    0.00    0.00    1.00    0.00    0.00    0.00   71.00
23:47:38       4    3.00    0.00   24.00    0.00    0.00    0.00    0.00    0.00    0.00   73.00
23:47:38       5    2.04    0.00   26.53    0.00    0.00    0.00    0.00    0.00    0.00   71.43
23:47:38       6    3.06    0.00   29.59    0.00    0.00    0.00    0.00    0.00    0.00   67.35
23:47:38       7    1.03    0.00   21.65    0.00    0.00    0.00    0.00    0.00    0.00   77.32
23:47:38       8    3.06    0.00   23.47    0.00    0.00    0.00    0.00    0.00    0.00   73.47
23:47:38       9    3.00    0.00   26.00    0.00    0.00    0.00    0.00    0.00    0.00   71.00
23:47:38      10    2.04    0.00   24.49    0.00    0.00    0.00    0.00    0.00    0.00   73.47
23:47:38      11    2.02    0.00   23.23    0.00    0.00    0.00    0.00    0.00    0.00   74.75
23:47:38      12    3.06    0.00   25.51    0.00    0.00    0.00    0.00    0.00    0.00   71.43
23:47:38      13    2.00    0.00   19.00    0.00    0.00    0.00    0.00    0.00    0.00   79.00
23:47:38      14    4.08    0.00   28.57    0.00    0.00    0.00    0.00    0.00    0.00   67.35
23:47:38      15    3.03    0.00   27.27    0.00    0.00    0.00    0.00    0.00    0.00   69.70
23:47:38      16    3.03    0.00   34.34    0.00    0.00    0.00    0.00    0.00    0.00   62.63
23:47:38      17    2.08    0.00   29.17    0.00    0.00    0.00    0.00    0.00    0.00   68.75
23:47:38      18    2.02    0.00   27.27    0.00    0.00    0.00    0.00    0.00    0.00   70.71
23:47:38      19    7.14    0.00   32.65    0.00    0.00    0.00    0.00    0.00    0.00   60.20

23:47:38     CPU    %usr   %nice    %sys %iowait    %irq   %soft  %steal  %guest  %gnice   %idle
23:47:39     all    3.17    0.00   25.33    0.00    0.00    0.55    0.00    0.00    0.00   70.95
23:47:39       0    2.83    0.00   29.25    0.00    0.00    5.66    0.00    0.00    0.00   62.26
23:47:39       1    2.97    0.00   26.73    0.00    0.00    1.98    0.00    0.00    0.00   68.32
23:47:39       2    4.00    0.00   26.00    0.00    0.00    2.00    0.00    0.00    0.00   68.00
23:47:39       3    2.02    0.00   22.22    0.00    0.00    0.00    0.00    0.00    0.00   75.76
23:47:39       4    2.06    0.00   26.80    0.00    0.00    0.00    0.00    0.00    0.00   71.13
23:47:39       5    4.00    0.00   28.00    0.00    0.00    1.00    0.00    0.00    0.00   67.00
23:47:39       6    1.02    0.00   18.37    0.00    0.00    0.00    0.00    0.00    0.00   80.61
23:47:39       7    4.04    0.00   26.26    0.00    0.00    0.00    0.00    0.00    0.00   69.70
23:47:39       8    2.02    0.00   21.21    0.00    0.00    0.00    0.00    0.00    0.00   76.77
23:47:39       9    2.04    0.00   20.41    0.00    0.00    0.00    0.00    0.00    0.00   77.55
23:47:39      10    4.00    0.00   33.00    0.00    0.00    0.00    0.00    0.00    0.00   63.00
23:47:39      11    3.03    0.00   21.21    0.00    0.00    0.00    0.00    0.00    0.00   75.76
23:47:39      12    3.03    0.00   21.21    0.00    0.00    0.00    0.00    0.00    0.00   75.76
23:47:39      13    3.00    0.00   24.00    0.00    0.00    0.00    0.00    0.00    0.00   73.00
23:47:39      14    4.04    0.00   31.31    0.00    0.00    0.00    0.00    0.00    0.00   64.65
23:47:39      15    4.00    0.00   26.00    0.00    0.00    0.00    0.00    0.00    0.00   70.00
23:47:39      16    5.05    0.00   28.28    0.00    0.00    0.00    0.00    0.00    0.00   66.67
23:47:39      17    4.00    0.00   23.00    0.00    0.00    0.00    0.00    0.00    0.00   73.00
23:47:39      18    3.03    0.00   28.28    0.00    0.00    0.00    0.00    0.00    0.00   68.69
23:47:39      19    3.06    0.00   24.49    0.00    0.00    0.00    0.00    0.00    0.00   72.45

Average:     CPU    %usr   %nice    %sys %iowait    %irq   %soft  %steal  %guest  %gnice   %idle
Average:     all    3.02    0.00   25.96    0.00    0.00    0.18    0.00    0.00    0.00   70.84
Average:       0    2.84    0.00   26.81    0.00    0.00    2.13    0.00    0.00    0.00   68.23
Average:       1    2.59    0.00   24.57    0.00    0.00    0.57    0.00    0.00    0.00   72.27
Average:       2    5.07    0.00   28.94    0.00    0.00    0.43    0.00    0.00    0.00   65.56
Average:       3    2.60    0.00   24.68    0.00    0.00    0.14    0.00    0.00    0.00   72.58
Average:       4    2.60    0.00   25.62    0.00    0.00    0.00    0.00    0.00    0.00   71.78
Average:       5    3.04    0.00   27.39    0.00    0.00    0.14    0.00    0.00    0.00   69.42
Average:       6    2.47    0.00   25.58    0.00    0.00    0.15    0.00    0.00    0.00   71.80
Average:       7    3.34    0.00   25.87    0.00    0.00    0.00    0.00    0.00    0.00   70.78
Average:       8    2.75    0.00   26.34    0.00    0.00    0.00    0.00    0.00    0.00   70.91
Average:       9    2.75    0.00   23.59    0.00    0.00    0.00    0.00    0.00    0.00   73.66
Average:      10    3.03    0.00   26.95    0.00    0.00    0.00    0.00    0.00    0.00   70.03
Average:      11    2.89    0.00   22.94    0.00    0.00    0.00    0.00    0.00    0.00   74.17
Average:      12    3.18    0.00   26.77    0.00    0.00    0.00    0.00    0.00    0.00   70.04
Average:      13    2.74    0.00   25.11    0.00    0.00    0.00    0.00    0.00    0.00   72.15
Average:      14    3.34    0.00   27.91    0.00    0.00    0.00    0.00    0.00    0.00   68.75
Average:      15    3.17    0.00   24.89    0.00    0.00    0.00    0.00    0.00    0.00   71.94
Average:      16    2.91    0.00   27.07    0.00    0.00    0.00    0.00    0.00    0.00   70.01
Average:      17    2.89    0.00   26.19    0.00    0.00    0.00    0.00    0.00    0.00   70.91
Average:      18    2.60    0.00   24.86    0.00    0.00    0.00    0.00    0.00    0.00   72.54
Average:      19    3.62    0.00   27.21    0.00    0.00    0.00    0.00    0.00    0.00   69.18
