Linux 6.8.0-138-generic (snapshots-gpu-mi300x1-192gb-devcloud-atl1) 	10/07/26 	_x86_64_	(20 CPU)

15:30:14     CPU    %usr   %nice    %sys %iowait    %irq   %soft  %steal  %guest  %gnice   %idle
15:30:15     all    4.94    0.00   80.18    0.00    0.00    0.00    0.00    0.00    0.00   14.88
15:30:15       0    0.00    0.00   72.73    0.00    0.00    0.00    0.00    0.00    0.00   27.27
15:30:15       1    0.00    0.00  100.00    0.00    0.00    0.00    0.00    0.00    0.00    0.00
15:30:15       2    0.00    0.00   82.00    0.00    0.00    0.00    0.00    0.00    0.00   18.00
15:30:15       3    0.00    0.00   92.00    0.00    0.00    0.00    0.00    0.00    0.00    8.00
15:30:15       4    0.00    0.00   96.04    0.00    0.00    0.00    0.00    0.00    0.00    3.96
15:30:15       5    0.00    0.00   82.00    0.00    0.00    0.00    0.00    0.00    0.00   18.00
15:30:15       6    0.00    0.00   96.00    0.00    0.00    0.00    0.00    0.00    0.00    4.00
15:30:15       7    0.00    0.00   70.00    0.00    0.00    0.00    0.00    0.00    0.00   30.00
15:30:15       8    0.00    0.00  100.00    0.00    0.00    0.00    0.00    0.00    0.00    0.00
15:30:15       9    0.00    0.00   98.00    0.00    0.00    0.00    0.00    0.00    0.00    2.00
15:30:15      10    0.00    0.00  100.00    0.00    0.00    0.00    0.00    0.00    0.00    0.00
15:30:15      11    0.00    0.00   72.00    0.00    0.00    0.00    0.00    0.00    0.00   28.00
15:30:15      12    0.00    0.00   88.12    0.00    0.00    0.00    0.00    0.00    0.00   11.88
15:30:15      13    0.00    0.00   72.00    0.00    0.00    0.00    0.00    0.00    0.00   28.00
15:30:15      14    0.00    0.00  100.00    0.00    0.00    0.00    0.00    0.00    0.00    0.00
15:30:15      15    0.00    0.00   35.00    0.00    0.00    0.00    0.00    0.00    0.00   65.00
15:30:15      16    0.00    0.00   78.00    0.00    0.00    0.00    0.00    0.00    0.00   22.00
15:30:15      17   98.02    0.00    1.98    0.00    0.00    0.00    0.00    0.00    0.00    0.00
15:30:15      18    0.00    0.00   68.00    0.00    0.00    0.00    0.00    0.00    0.00   32.00
15:30:15      19    0.00    0.00  100.00    0.00    0.00    0.00    0.00    0.00    0.00    0.00

15:30:15     CPU    %usr   %nice    %sys %iowait    %irq   %soft  %steal  %guest  %gnice   %idle
15:30:16     all    4.90    0.00   80.09    0.00    0.00    0.00    0.00    0.00    0.00   15.01
15:30:16       0    0.00    0.00   47.52    0.00    0.00    0.00    0.00    0.00    0.00   52.48
15:30:16       1    0.00    0.00  100.00    0.00    0.00    0.00    0.00    0.00    0.00    0.00
15:30:16       2    0.00    0.00  100.00    0.00    0.00    0.00    0.00    0.00    0.00    0.00
15:30:16       3    0.00    0.00   62.63    0.00    0.00    0.00    0.00    0.00    0.00   37.37
15:30:16       4    0.00    0.00  100.00    0.00    0.00    0.00    0.00    0.00    0.00    0.00
15:30:16       5    0.00    0.00  100.00    0.00    0.00    0.00    0.00    0.00    0.00    0.00
15:30:16       6    0.00    0.00  100.00    0.00    0.00    0.00    0.00    0.00    0.00    0.00
15:30:16       7    0.00    0.00   86.00    0.00    0.00    0.00    0.00    0.00    0.00   14.00
15:30:16       8    0.00    0.00  100.00    0.00    0.00    0.00    0.00    0.00    0.00    0.00
15:30:16       9    0.00    0.00   74.00    0.00    0.00    0.00    0.00    0.00    0.00   26.00
15:30:16      10    0.00    0.00   78.00    0.00    0.00    0.00    0.00    0.00    0.00   22.00
15:30:16      11    0.00    0.00   56.00    0.00    0.00    0.00    0.00    0.00    0.00   44.00
15:30:16      12    0.00    0.00   61.62    0.00    0.00    0.00    0.00    0.00    0.00   38.38
15:30:16      13    0.00    0.00   97.00    0.00    0.00    0.00    0.00    0.00    0.00    3.00
15:30:16      14    0.00    0.00  100.00    0.00    0.00    0.00    0.00    0.00    0.00    0.00
15:30:16      15    0.00    0.00   37.00    0.00    0.00    0.00    0.00    0.00    0.00   63.00
15:30:16      16    0.00    0.00  100.00    0.00    0.00    0.00    0.00    0.00    0.00    0.00
15:30:16      17   98.00    0.00    2.00    0.00    0.00    0.00    0.00    0.00    0.00    0.00
15:30:16      18    0.00    0.00  100.00    0.00    0.00    0.00    0.00    0.00    0.00    0.00
15:30:16      19    0.00    0.00  100.00    0.00    0.00    0.00    0.00    0.00    0.00    0.00

15:30:16     CPU    %usr   %nice    %sys %iowait    %irq   %soft  %steal  %guest  %gnice   %idle
15:30:17     all    4.95    0.00   76.92    0.00    0.00    0.05    0.00    0.00    0.00   18.08
15:30:17       0    0.00    0.00   87.88    0.00    0.00    0.00    0.00    0.00    0.00   12.12
15:30:17       1    0.00    0.00   96.00    0.00    0.00    0.00    0.00    0.00    0.00    4.00
15:30:17       2    0.00    0.00   96.04    0.00    0.00    0.99    0.00    0.00    0.00    2.97
15:30:17       3    0.00    0.00   73.27    0.00    0.00    0.00    0.00    0.00    0.00   26.73
15:30:17       4    0.00    0.00   65.00    0.00    0.00    0.00    0.00    0.00    0.00   35.00
15:30:17       5    0.00    0.00   32.00    0.00    0.00    0.00    0.00    0.00    0.00   68.00
15:30:17       6    0.00    0.00   96.00    0.00    0.00    0.00    0.00    0.00    0.00    4.00
15:30:17       7    0.00    0.00   80.00    0.00    0.00    0.00    0.00    0.00    0.00   20.00
15:30:17       8    0.00    0.00   94.00    0.00    0.00    0.00    0.00    0.00    0.00    6.00
15:30:17       9    0.00    0.00   61.62    0.00    0.00    0.00    0.00    0.00    0.00   38.38
15:30:17      10    0.00    0.00   82.18    0.00    0.00    0.00    0.00    0.00    0.00   17.82
15:30:17      11    0.99    0.00   85.15    0.00    0.00    0.00    0.00    0.00    0.00   13.86
15:30:17      12    0.00    0.00   96.00    0.00    0.00    0.00    0.00    0.00    0.00    4.00
15:30:17      13    0.00    0.00   53.00    0.00    0.00    0.00    0.00    0.00    0.00   47.00
15:30:17      14    0.00    0.00   70.00    0.00    0.00    0.00    0.00    0.00    0.00   30.00
15:30:17      15    0.00    0.00   94.00    0.00    0.00    0.00    0.00    0.00    0.00    6.00
15:30:17      16    0.00    0.00   92.00    0.00    0.00    0.00    0.00    0.00    0.00    8.00
15:30:17      17   98.00    0.00    2.00    0.00    0.00    0.00    0.00    0.00    0.00    0.00
15:30:17      18    0.00    0.00   94.00    0.00    0.00    0.00    0.00    0.00    0.00    6.00
15:30:17      19    0.00    0.00   88.00    0.00    0.00    0.00    0.00    0.00    0.00   12.00

15:30:17     CPU    %usr   %nice    %sys %iowait    %irq   %soft  %steal  %guest  %gnice   %idle
15:30:18     all    4.95    0.00   80.06    0.00    0.00    0.10    0.00    0.00    0.00   14.89
15:30:18       0    0.00    0.00   45.54    0.00    0.00    0.99    0.00    0.00    0.00   53.47
15:30:18       1    0.00    0.00   87.00    0.00    0.00    0.00    0.00    0.00    0.00   13.00
15:30:18       2    0.00    0.00  100.00    0.00    0.00    0.00    0.00    0.00    0.00    0.00
15:30:18       3    0.00    0.00  100.00    0.00    0.00    0.00    0.00    0.00    0.00    0.00
15:30:18       4    0.00    0.00  100.00    0.00    0.00    0.00    0.00    0.00    0.00    0.00
15:30:18       5    0.00    0.00   75.25    0.00    0.00    0.99    0.00    0.00    0.00   23.76
15:30:18       6    0.00    0.00  100.00    0.00    0.00    0.00    0.00    0.00    0.00    0.00
15:30:18       7    0.00    0.00   88.00    0.00    0.00    0.00    0.00    0.00    0.00   12.00
15:30:18       8    0.00    0.00   95.96    0.00    0.00    0.00    0.00    0.00    0.00    4.04
15:30:18       9    0.00    0.00   97.03    0.00    0.00    0.00    0.00    0.00    0.00    2.97
15:30:18      10    0.00    0.00   46.00    0.00    0.00    0.00    0.00    0.00    0.00   54.00
15:30:18      11    0.00    0.00   82.00    0.00    0.00    0.00    0.00    0.00    0.00   18.00
15:30:18      12    0.00    0.00   60.00    0.00    0.00    0.00    0.00    0.00    0.00   40.00
15:30:18      13    0.00    0.00  100.00    0.00    0.00    0.00    0.00    0.00    0.00    0.00
15:30:18      14    0.00    0.00   92.00    0.00    0.00    0.00    0.00    0.00    0.00    8.00
15:30:18      15    0.00    0.00   86.00    0.00    0.00    0.00    0.00    0.00    0.00   14.00
15:30:18      16    0.00    0.00  100.00    0.00    0.00    0.00    0.00    0.00    0.00    0.00
15:30:18      17   99.00    0.00    1.00    0.00    0.00    0.00    0.00    0.00    0.00    0.00
15:30:18      18    0.00    0.00   96.00    0.00    0.00    0.00    0.00    0.00    0.00    4.00
15:30:18      19    0.00    0.00   50.00    0.00    0.00    0.00    0.00    0.00    0.00   50.00

15:30:18     CPU    %usr   %nice    %sys %iowait    %irq   %soft  %steal  %guest  %gnice   %idle
15:30:19     all    4.96    0.00   80.17    0.00    0.00    0.00    0.00    0.00    0.00   14.87
15:30:19       0    0.00    0.00  100.00    0.00    0.00    0.00    0.00    0.00    0.00    0.00
15:30:19       1    0.00    0.00   49.00    0.00    0.00    0.00    0.00    0.00    0.00   51.00
15:30:19       2    0.00    0.00  100.00    0.00    0.00    0.00    0.00    0.00    0.00    0.00
15:30:19       3    0.00    0.00   26.26    0.00    0.00    0.00    0.00    0.00    0.00   73.74
15:30:19       4    0.00    0.00  100.00    0.00    0.00    0.00    0.00    0.00    0.00    0.00
15:30:19       5    0.00    0.00  100.00    0.00    0.00    0.00    0.00    0.00    0.00    0.00
15:30:19       6    0.00    0.00   89.90    0.00    0.00    0.00    0.00    0.00    0.00   10.10
15:30:19       7    0.00    0.00  100.00    0.00    0.00    0.00    0.00    0.00    0.00    0.00
15:30:19       8    0.00    0.00  100.00    0.00    0.00    0.00    0.00    0.00    0.00    0.00
15:30:19       9    0.00    0.00   96.97    0.00    0.00    0.00    0.00    0.00    0.00    3.03
15:30:19      10    0.00    0.00   85.86    0.00    0.00    0.00    0.00    0.00    0.00   14.14
15:30:19      11    0.00    0.00  100.00    0.00    0.00    0.00    0.00    0.00    0.00    0.00
15:30:19      12    0.00    0.00  100.00    0.00    0.00    0.00    0.00    0.00    0.00    0.00
15:30:19      13    0.00    0.00   84.00    0.00    0.00    0.00    0.00    0.00    0.00   16.00
15:30:19      14    0.00    0.00   89.00    0.00    0.00    0.00    0.00    0.00    0.00   11.00
15:30:19      15    0.00    0.00   96.00    0.00    0.00    0.00    0.00    0.00    0.00    4.00
15:30:19      16    0.00    0.00   11.88    0.00    0.00    0.00    0.00    0.00    0.00   88.12
15:30:19      17   98.02    0.00    1.98    0.00    0.00    0.00    0.00    0.00    0.00    0.00
15:30:19      18    0.00    0.00   79.80    0.00    0.00    0.00    0.00    0.00    0.00   20.20
15:30:19      19    0.00    0.00   94.00    0.00    0.00    0.00    0.00    0.00    0.00    6.00

Average:     CPU    %usr   %nice    %sys %iowait    %irq   %soft  %steal  %guest  %gnice   %idle
Average:     all    4.94    0.00   79.48    0.00    0.00    0.03    0.00    0.00    0.00   15.55
Average:       0    0.00    0.00   70.60    0.00    0.00    0.20    0.00    0.00    0.00   29.20
Average:       1    0.00    0.00   86.40    0.00    0.00    0.00    0.00    0.00    0.00   13.60
Average:       2    0.00    0.00   95.60    0.00    0.00    0.20    0.00    0.00    0.00    4.20
Average:       3    0.00    0.00   70.94    0.00    0.00    0.00    0.00    0.00    0.00   29.06
Average:       4    0.00    0.00   92.22    0.00    0.00    0.00    0.00    0.00    0.00    7.78
Average:       5    0.00    0.00   77.84    0.00    0.00    0.20    0.00    0.00    0.00   21.96
Average:       6    0.00    0.00   96.39    0.00    0.00    0.00    0.00    0.00    0.00    3.61
Average:       7    0.00    0.00   84.80    0.00    0.00    0.00    0.00    0.00    0.00   15.20
Average:       8    0.00    0.00   98.00    0.00    0.00    0.00    0.00    0.00    0.00    2.00
Average:       9    0.00    0.00   85.57    0.00    0.00    0.00    0.00    0.00    0.00   14.43
Average:      10    0.00    0.00   78.40    0.00    0.00    0.00    0.00    0.00    0.00   21.60
Average:      11    0.20    0.00   79.04    0.00    0.00    0.00    0.00    0.00    0.00   20.76
Average:      12    0.00    0.00   81.20    0.00    0.00    0.00    0.00    0.00    0.00   18.80
Average:      13    0.00    0.00   81.20    0.00    0.00    0.00    0.00    0.00    0.00   18.80
Average:      14    0.00    0.00   90.20    0.00    0.00    0.00    0.00    0.00    0.00    9.80
Average:      15    0.00    0.00   69.60    0.00    0.00    0.00    0.00    0.00    0.00   30.40
Average:      16    0.00    0.00   76.25    0.00    0.00    0.00    0.00    0.00    0.00   23.75
Average:      17   98.21    0.00    1.79    0.00    0.00    0.00    0.00    0.00    0.00    0.00
Average:      18    0.00    0.00   87.58    0.00    0.00    0.00    0.00    0.00    0.00   12.42
Average:      19    0.00    0.00   86.40    0.00    0.00    0.00    0.00    0.00    0.00   13.60
